     0/499     5.23G    0.1259    0.0385   0.02987    0.1943        54       640         0         0 3.976e-05 5.721e-06    0.1248   0.04338   0.02578
     1/499     4.46G    0.1234   0.03825    0.0297    0.1913        50       640         0         0 0.0002113  2.44e-05    0.1217   0.04084   0.02549
     2/499     4.46G     0.121   0.03734   0.02927    0.1876        86       640         0         0 0.0004823 6.581e-05    0.1173    0.0392   0.02521
     3/499     4.47G     0.118   0.03478   0.02797    0.1807        69       640         0         0  0.001007 0.0001374    0.1122   0.03846   0.02484
     4/499     4.47G    0.1138   0.03473   0.02714    0.1757        59       640         0         0  0.001525 0.0002304    0.1065   0.03818   0.02436
     5/499     4.47G    0.1088   0.03515   0.02634    0.1703        59       640         0         0  0.002928 0.0003888   0.09998   0.03844   0.02396
     6/499     4.47G    0.1034   0.03749   0.02547    0.1663        61       640         0         0  0.004093 0.0006928   0.09525   0.03911   0.02345
     7/499     4.47G    0.1006   0.03667   0.02478    0.1621        65       640         0         0  0.008437  0.001304    0.0916   0.04005   0.02277
     8/499     4.47G   0.09576   0.03433   0.02437    0.1545        60       640         0         0    0.0092  0.001513   0.08965   0.04008   0.02212
     9/499     4.47G   0.09204   0.04152   0.02326    0.1568        77       640         0         0   0.01838   0.00329   0.08695   0.04022   0.02171
    10/499     4.47G   0.08693   0.04077   0.02247    0.1502        77       640         0         0   0.02338  0.004078    0.0849   0.04015   0.02139
    11/499     4.47G    0.0868   0.03973   0.02104    0.1476        61       640         0         0   0.03597  0.007041   0.08215   0.04032   0.02078
    12/499     4.47G   0.08403   0.04031   0.02028    0.1446        84       640         0         0   0.04625   0.01311   0.08189   0.03998   0.02033
    13/499     4.47G   0.08115   0.04353   0.01969    0.1444        68       640         0         0    0.1032    0.0361   0.07958   0.04032   0.01916
    14/499     4.47G   0.07985   0.03884   0.01846    0.1371        67       640       0.5  0.008929    0.1479   0.04126   0.07711   0.03986   0.01833
    15/499     4.47G   0.07482   0.03632   0.01756    0.1287        53       640    0.4586   0.09888    0.2055   0.05583   0.07314   0.04024   0.01726
    16/499     4.47G   0.07418   0.04307   0.01675     0.134        83       640    0.3029    0.1921     0.235    0.0733   0.07232   0.03926   0.01687
    17/499     4.47G   0.07004   0.04011    0.0147    0.1249        68       640    0.1862    0.2857     0.279   0.09216   0.06914     0.039    0.0161
    18/499     4.47G   0.06547   0.03845   0.01413     0.118        52       640    0.1264    0.3482    0.3016    0.1088   0.06475   0.03827   0.01501
    19/499     4.47G   0.06557   0.03502   0.01345     0.114        60       640    0.1045     0.375    0.3421    0.1508   0.06252   0.03696   0.01379
    20/499     4.47G   0.06537   0.03981   0.01316    0.1183        66       640   0.09028     0.375    0.3594     0.152   0.06272   0.03569   0.01308
    21/499     4.47G   0.06416   0.03881   0.01297    0.1159        73       640   0.07664    0.4018    0.4393    0.1592   0.06154   0.03462   0.01253
    22/499     4.47G   0.06159   0.03372   0.01174    0.1071        61       640    0.3487    0.4456    0.4724    0.1687    0.0592   0.03431   0.01201
    23/499     4.47G   0.05918   0.03517   0.01084    0.1052        68       640    0.4514    0.5739    0.5439    0.1662   0.05703   0.03382     0.011
    24/499     4.47G   0.05729   0.03283  0.009384    0.0995        67       640    0.2775     0.642    0.5471    0.2075   0.05823   0.03184   0.01066
    25/499     4.47G   0.06077   0.03325   0.00948    0.1035        66       640    0.2779    0.7251    0.5797     0.183   0.05657   0.03082   0.01069
    26/499     4.47G   0.05853   0.03405  0.009545    0.1021        79       640    0.1937    0.7029    0.4109    0.1507    0.0587   0.02982   0.01015
    27/499     4.47G   0.05579    0.0325   0.00866   0.09695        70       640    0.2073    0.7849    0.5128    0.1445   0.05639   0.02962   0.00966
    28/499     4.47G   0.05716   0.02918  0.008366   0.09471        73       640    0.2274    0.8214    0.5352    0.1758   0.05411   0.02929  0.008816
    29/499     4.47G   0.05557    0.0284  0.008186   0.09215        67       640    0.2192    0.7419    0.5353    0.1867   0.05588   0.02855   0.00802
    30/499     4.47G   0.05704   0.02834  0.007624     0.093        71       640    0.2214    0.7468    0.4516     0.128   0.05875   0.02872  0.008226
    31/499     4.47G   0.05567   0.03099  0.007977   0.09463        59       640     0.227    0.8503     0.572    0.1773   0.05332   0.02746  0.007195
    32/499     4.47G   0.05431   0.02685  0.006514   0.08767        57       640    0.2743    0.8669    0.6418    0.2593   0.05375   0.02691  0.006652
    33/499     4.47G   0.05768   0.02735  0.006458   0.09149        66       640    0.1927    0.7589    0.3175   0.06353   0.07336   0.02462   0.00711
    34/499     4.47G   0.06959   0.02332  0.005921   0.09882        57       640    0.2329    0.7476    0.4047     0.134   0.06647   0.02576  0.006737
    35/499     4.47G   0.06645   0.02527  0.007232   0.09895        55       640     0.186     0.637    0.3085   0.09137   0.06811   0.02578  0.006778
    36/499     4.47G   0.06702   0.02492  0.006089   0.09803        63       640    0.3018    0.7455    0.5273    0.1606   0.06281   0.02616   0.00667
    37/499     4.47G    0.0609   0.02793   0.00602   0.09485        79       640    0.2446    0.7833    0.5646    0.2083    0.0661   0.02467  0.005852
    38/499     4.47G   0.06366   0.02375  0.005508   0.09292        70       640    0.2103    0.7403    0.4422    0.1236   0.07445   0.02346  0.005784
    39/499     4.47G   0.06685   0.02329  0.006434   0.09657        60       640    0.1975    0.7695     0.277   0.06756   0.06761   0.02394  0.005666
    40/499     4.47G     0.062    0.0247  0.005834   0.09253        71       640    0.2082    0.7446    0.2501   0.06119    0.0694   0.02494  0.006717
    41/499     4.47G   0.06807   0.02317  0.004678   0.09591        65       640    0.2464    0.7906    0.3446   0.07354    0.0739   0.02393  0.006238
    42/499     4.47G   0.06912   0.02268  0.004633   0.09644        62       640    0.2561    0.7946    0.5405    0.1635   0.06729   0.02559  0.005712
    43/499     4.47G   0.06105   0.02282  0.005241   0.08911        60       640    0.2914    0.7922    0.4465    0.1134   0.06091   0.02564  0.005489
    44/499     4.47G   0.05997   0.02446  0.005147   0.08957        73       640    0.3678    0.7946    0.6111       0.2   0.05621   0.02523  0.005104
    45/499     4.47G   0.06039     0.024  0.004212    0.0886        61       640    0.2697    0.8211    0.5074    0.1325   0.06264   0.02403  0.005251
    46/499     4.47G   0.05858   0.02639  0.004682   0.08966        81       640     0.306     0.849      0.58    0.2175   0.05702   0.02462   0.00516
    47/499     4.47G   0.06062   0.02151  0.004301   0.08644        67       640    0.2136    0.8174     0.425    0.1431   0.06661   0.02365  0.005202
    48/499     4.47G   0.05944    0.0236  0.004738   0.08778        66       640    0.2742    0.8377    0.5797    0.2121   0.05652    0.0252  0.005027
    49/499     4.47G   0.05904   0.02382  0.004209   0.08707        73       640    0.2267    0.8353    0.3948    0.1006   0.06253   0.02358   0.00485
    50/499     4.47G    0.0594    0.0241  0.004525   0.08803        64       640    0.3195    0.8718     0.616    0.2263   0.05515   0.02401  0.004619
    51/499     4.47G    0.0601   0.02218  0.004265   0.08655        58       640    0.2824    0.8192    0.5217    0.1494    0.0604   0.02378  0.004834
    52/499     4.47G   0.05863    0.0222  0.003677    0.0845        68       640    0.2875    0.7946    0.4981    0.1873   0.05924   0.02359  0.005309
    53/499     4.47G   0.06051   0.02346  0.004458   0.08844        65       640     0.275     0.849    0.5714    0.1585   0.06102   0.02369  0.004363
    54/499     4.47G   0.05749   0.02419  0.003985   0.08566        69       640    0.2996    0.8831    0.6201    0.2218   0.05632   0.02381  0.004314
    55/499     4.47G   0.05799   0.02037  0.003864   0.08222        68       640    0.4088    0.8466    0.6119    0.2201   0.05612   0.02343   0.00436
    56/499     4.47G    0.0536   0.02296  0.003871   0.08043        69       640    0.3391    0.8628    0.6252    0.2123   0.05453   0.02468  0.004735
    57/499     4.47G   0.05947    0.0196  0.003568   0.08263        75       640    0.3147    0.8247    0.5227    0.1926   0.05971   0.02531  0.005396
    58/499     4.47G    0.0546   0.02233  0.003406   0.08034        70       640    0.3672    0.8068    0.5755    0.1733   0.05741   0.02523  0.005152
    59/499     4.47G   0.05702   0.02068    0.0037    0.0814        57       640    0.2674    0.8782    0.6251    0.2362   0.06713   0.02334  0.004722
    60/499     4.47G   0.05531   0.02229  0.003381   0.08098        58       640    0.3422    0.9148    0.6462    0.2464   0.05376   0.02365  0.004015
    61/499     4.47G    0.0556   0.02204   0.00332   0.08096        78       640    0.3934    0.9148    0.7494    0.2848   0.05529   0.02378  0.003748
    62/499     4.47G   0.04994    0.0199  0.003276   0.07313        57       640    0.3511     0.905    0.6122    0.2384   0.05143   0.02375   0.00361
    63/499     4.47G   0.05334    0.0223  0.003132   0.07877        57       640    0.3138    0.9148    0.6403    0.1821   0.05592   0.02314  0.003487
    64/499     4.47G   0.05281   0.01971  0.003055   0.07557        60       640    0.3617     0.888    0.7349    0.2862   0.05407   0.02345  0.003734
    65/499     4.47G   0.05571   0.02136  0.002973   0.08004        70       640    0.3392    0.8474    0.5769    0.1807   0.05595   0.02382  0.004205
    66/499     4.47G   0.05444   0.02069  0.002836   0.07797        74       640    0.3354    0.8934    0.5533    0.2095   0.05514   0.02346  0.004011
    67/499     4.47G   0.05279   0.02135  0.002946   0.07708        61       640    0.4802    0.9058    0.7101    0.2984   0.04945   0.02352  0.003706
    68/499     4.47G   0.05172   0.02196  0.003031   0.07672        60       640    0.3737    0.8578    0.5626    0.2215   0.05729     0.023    0.0042
    69/499     4.47G   0.05401   0.01968  0.003169   0.07686        56       640     0.344    0.8093    0.5097    0.1631   0.05704   0.02641  0.005115
    70/499     4.47G   0.05054   0.02084   0.00304   0.07442        75       640    0.4204    0.7532    0.6254    0.2443   0.05615   0.02925  0.006221
    71/499     4.47G   0.04945   0.01993  0.002843   0.07222        75       640    0.3356    0.7914    0.5056    0.1289   0.06452   0.02655  0.005097
    72/499     4.47G   0.04993   0.02032  0.003253   0.07351        61       640    0.4333    0.8637    0.6691    0.2606   0.05201   0.02576  0.004437
    73/499     4.47G   0.05036   0.02018  0.002911   0.07345        80       640    0.4818    0.8458    0.7883    0.3199   0.04851   0.02519  0.004105
    74/499     4.47G   0.04513    0.0212   0.00279   0.06913        61       640    0.4098    0.8994    0.7745     0.332   0.05106   0.02377  0.003324
    75/499     4.47G   0.05261   0.01904  0.002971   0.07462        73       640    0.4732    0.9083    0.7526    0.3123   0.05207   0.02423  0.003585
    76/499     4.47G   0.04806   0.01958  0.002276   0.06992        64       640    0.4251    0.8945    0.7733    0.3129   0.04748   0.02353  0.003363
    77/499     4.47G    0.0528    0.0195  0.002601    0.0749        80       640    0.4505    0.9083    0.7594     0.284    0.0485   0.02492  0.004875
    78/499     4.47G   0.04882   0.02085  0.002986   0.07266        47       640    0.4507    0.9058    0.7054    0.2717    0.0477   0.02396  0.004726
    79/499     4.47G   0.05175   0.01973  0.003356   0.07484        58       640     0.437    0.8856    0.6593    0.2388   0.05529   0.02343  0.004389
    80/499     4.47G    0.0506   0.02087   0.00277   0.07425        72       640    0.5176    0.9237    0.8618    0.3365   0.04812   0.02253  0.003398
    81/499     4.47G     0.049   0.01904   0.00323   0.07127        68       640    0.4784    0.9058    0.7828    0.3086   0.05044   0.02293  0.003455
    82/499     4.47G   0.04682   0.02031  0.002784   0.06991        60       640    0.5082     0.901    0.8294     0.317    0.0479    0.0232  0.003224
    83/499     4.47G   0.05222   0.02027  0.002309    0.0748        77       640    0.5541    0.8693    0.7931    0.3019   0.04904   0.02287  0.003243
    84/499     4.47G   0.04745   0.02057   0.00255   0.07057        76       640     0.449    0.9172     0.737     0.316   0.05096   0.02308  0.003354
    85/499     4.47G   0.05044   0.01868  0.002027   0.07114        64       640    0.3792    0.8742    0.6783    0.2822   0.05087   0.02359  0.003566
    86/499     4.47G   0.04461   0.01984  0.002732   0.06718        83       640    0.5627    0.8677    0.8019     0.356   0.04493    0.0236   0.00345
    87/499     4.47G   0.04747   0.01976  0.002775      0.07        68       640    0.5024     0.901    0.7004    0.2676   0.04957   0.02357  0.003396
    88/499     4.47G    0.0495   0.02005   0.00226   0.07181        86       640     0.513    0.8507    0.7264    0.2735   0.04964   0.02401  0.003336
    89/499     4.47G   0.04585   0.01874  0.002701   0.06729        66       640    0.4756    0.9058    0.7798    0.3521   0.05395   0.02282  0.003156
    90/499     4.47G   0.04707   0.01825  0.002027   0.06734        59       640    0.4893    0.9123    0.7854    0.3283   0.04612    0.0233  0.003106
    91/499     4.47G   0.04724   0.01726   0.00232   0.06681        55       640    0.5343    0.8628    0.7848    0.3574   0.04623   0.02327  0.003282
    92/499     4.47G   0.04507   0.01852  0.002643   0.06623        70       640    0.4562    0.9105    0.7632       0.3   0.04928   0.02311  0.003012
    93/499     4.47G   0.04441   0.01524  0.002425   0.06207        65       640    0.6785    0.8677    0.8775    0.3292   0.04678   0.02458  0.003587
    94/499     4.47G   0.04124   0.01923   0.00227   0.06274        64       640    0.4172    0.8969    0.6996    0.2837   0.05155   0.02364  0.003683
    95/499     4.47G    0.0476   0.01793  0.002138   0.06767        67       640    0.3825    0.9261    0.6889    0.2803    0.0521   0.02306  0.003552
    96/499     4.47G   0.04947   0.01831  0.002169   0.06995        65       640    0.5296     0.888    0.8323     0.379   0.04705   0.02375  0.003386
    97/499     4.47G   0.04299   0.01842  0.002098   0.06351        82       640    0.4471    0.9172    0.7165    0.2694   0.05042   0.02271  0.003004
    98/499     4.47G   0.04664    0.0176  0.002407   0.06665        65       640     0.657    0.8856    0.8763    0.3669   0.04409   0.02351  0.003297
    99/499     4.47G   0.04328   0.01861  0.002096   0.06399        70       640    0.5249    0.9237    0.8747    0.3695   0.04485   0.02261  0.002962
   100/499     4.47G   0.04044   0.01721  0.002048    0.0597        52       640    0.4275    0.8831     0.683    0.2201    0.0567   0.02263   0.00307
   101/499     4.47G   0.05847   0.01956  0.002593   0.08063        60       640      0.39    0.9083    0.6567    0.2705   0.05103   0.02233   0.00331
   102/499     4.47G   0.04999   0.01963   0.00282   0.07244        68       640    0.4881    0.7362    0.6153    0.2425   0.05838   0.02474  0.004835
   103/499     4.47G   0.06335   0.01886  0.002528   0.08473        67       640    0.4619    0.9196    0.6916    0.2774   0.05306   0.02486  0.005004
   104/499     4.47G   0.05547   0.01621  0.002289   0.07397        55       640    0.3731    0.8701    0.6107    0.2033   0.05055   0.02573  0.004701
   105/499     4.47G   0.05332   0.02028  0.002571   0.07617        73       640    0.5037    0.8465    0.6541     0.186   0.05414   0.02457  0.003741
   106/499     4.47G   0.04878    0.0208  0.002419     0.072        67       640    0.4925    0.8523    0.7622    0.2839   0.05045   0.02256  0.004005
   107/499     4.47G   0.05107   0.01862  0.002436   0.07213        89       640    0.3533    0.8904    0.5798    0.2204   0.05305   0.02338  0.004774
   108/499     4.47G    0.0485   0.01862  0.002513   0.06964        62       640    0.4284    0.8385    0.6094    0.2174   0.05681   0.02514  0.005488
   109/499     4.47G   0.04909   0.01775  0.002253   0.06909        67       640    0.4442    0.8636     0.829    0.2729   0.05259   0.02613  0.005064
   110/499     4.47G     0.056   0.01787  0.002229   0.07609        65       640    0.5373    0.8329    0.7289    0.1894   0.05439   0.02582  0.004763
   111/499     4.47G   0.05875   0.01849  0.002542   0.07978        66       640    0.4832    0.8474    0.7409    0.3085   0.05136   0.02527  0.003755
   112/499     4.47G   0.04405     0.021   0.00244   0.06749        70       640    0.4781     0.892    0.7352    0.3439   0.04836   0.02265  0.003199
   113/499     4.47G   0.04993   0.01791  0.002459    0.0703        85       640    0.4007     0.888    0.7736    0.2565   0.04971   0.02307   0.00319
   114/499     4.47G   0.04638   0.01761  0.002901   0.06689        65       640    0.5642    0.9261    0.8624     0.291   0.04734   0.02377  0.003129
   115/499     4.47G   0.04309   0.01644  0.002508   0.06204        58       640    0.4951    0.8627    0.7279    0.2376   0.05316    0.0235  0.003439
   116/499     4.47G   0.05196   0.01621  0.002809   0.07098        52       640    0.5483    0.9034    0.7628    0.3306   0.04814   0.02465  0.003669
   117/499     4.47G   0.04714   0.01971   0.00304   0.06989        63       640    0.5172    0.8653    0.7813    0.3228   0.05144   0.02399  0.003807
   118/499     4.47G   0.04372   0.01709  0.002564   0.06337        66       640    0.5092    0.9083    0.8271    0.3278   0.04567   0.02237  0.003532
   119/499     4.47G   0.04693   0.01724  0.002631    0.0668        69       640     0.289    0.9286    0.6916     0.273   0.05733   0.02187  0.003552
   120/499     4.47G   0.05737   0.01806  0.002306   0.07774        78       640    0.4186    0.8904    0.7761    0.3111   0.05091   0.02279  0.004017
   121/499     4.47G   0.04243   0.01915   0.00278   0.06436        50       640    0.4645     0.888    0.8399    0.3212   0.05041   0.02241  0.003336
   122/499     4.47G   0.04896   0.01679  0.002108   0.06786        79       640    0.4567    0.9148    0.7635    0.2788   0.05167   0.02246  0.003354
   123/499     4.47G   0.05169   0.01676  0.002235   0.07068        67       640    0.4929    0.8994    0.7834    0.2781   0.05032   0.02404  0.003705
   124/499     4.47G   0.04566   0.01824  0.002239   0.06614        71       640    0.5418    0.9123    0.8022    0.3451   0.04794   0.02365  0.003465
   125/499     4.47G   0.04737   0.01725     0.002   0.06662        59       640    0.4966    0.8287    0.7796    0.2997   0.05174   0.02229  0.003266
   126/499     4.47G   0.04493   0.01649  0.002165   0.06359        62       640    0.4087    0.9464    0.6886    0.2678   0.04844   0.02293  0.003102
   127/499     4.47G   0.04541   0.01512   0.00182   0.06236        61       640    0.4934    0.9196     0.718    0.2393   0.05214   0.02457  0.004303
   128/499     4.47G   0.04884   0.01677  0.002441   0.06805        65       640    0.6663    0.8848     0.839    0.3584   0.04488   0.02664  0.004516
   129/499     4.47G   0.04682   0.01613  0.002271   0.06522        66       640    0.6163    0.8515    0.7164    0.2531   0.05095   0.02473  0.004083
   130/499     4.47G    0.0391   0.01603  0.002792   0.05792        50       640    0.6107    0.8471    0.7977    0.3098    0.0486   0.02564  0.005085
   131/499     4.47G   0.04216   0.01561  0.002307   0.06008        64       640     0.509    0.7719    0.6652    0.2504   0.05042   0.03196  0.006929
   132/499     4.47G   0.04411   0.01658  0.002162   0.06285        63       640    0.6416    0.6705    0.6931    0.2633   0.05101   0.03447  0.007194
   133/499     4.47G   0.04076   0.01619  0.002161   0.05911        57       640    0.5011    0.8523     0.737    0.2551   0.05153   0.02612  0.004332
   134/499     4.47G   0.04407   0.01634  0.002002   0.06242        70       640    0.6485    0.8409    0.8004    0.3165   0.04535    0.0256  0.003782
   135/499     4.47G   0.04514   0.01797  0.002062   0.06517        71       640    0.5984    0.8705    0.8503    0.3785   0.04758    0.0248  0.003968
   136/499     4.47G   0.03721   0.01754  0.002069   0.05682        70       640    0.4804    0.8994    0.7954    0.3189   0.04871   0.02483  0.003639
   137/499     4.47G   0.04564   0.01798  0.002402   0.06602        55       640    0.6176    0.9058    0.8522    0.3546   0.04924   0.02485  0.003462
   138/499     4.47G   0.04276   0.01467  0.001986   0.05941        82       640    0.6605    0.8114    0.7798    0.2929   0.04733   0.02772  0.003433
   139/499     4.47G   0.04523    0.0173  0.002003   0.06454        68       640    0.7095    0.8295    0.8436    0.3691   0.04552   0.02619   0.00327
   140/499     4.47G   0.04563   0.01721  0.001898   0.06474        75       640    0.4733    0.8766    0.6245    0.2417   0.05725    0.0248  0.003159
   141/499     4.47G   0.04412   0.01808  0.002156   0.06436        76       640    0.7416    0.8856    0.8733    0.3543   0.04628   0.02423  0.003387
   142/499     4.47G   0.04869   0.01739  0.001806   0.06789        66       640    0.4997    0.9351    0.8658    0.3742    0.0475   0.02359  0.003013
   143/499     4.47G   0.04194    0.0162  0.001837   0.05998        61       640    0.5617    0.8969    0.8795    0.3535   0.04353    0.0234  0.002837
   144/499     4.47G   0.03826   0.01564  0.001875   0.05577        79       640    0.5723    0.8807     0.856    0.3741   0.04628   0.02333  0.002775
   145/499     4.47G   0.03767   0.01638  0.001925   0.05597        74       640    0.5489    0.9058    0.8112    0.3419   0.04623   0.02347  0.002812
   146/499     4.47G   0.04156    0.0181   0.00166   0.06132        69       640    0.6275    0.8628    0.8077    0.3349   0.04806   0.02408  0.002917
   147/499     4.47G     0.046   0.01549  0.001938   0.06343        55       640    0.6323    0.8677    0.8192    0.3681   0.04735   0.02544  0.003609
   148/499     4.47G   0.03915   0.01748  0.002105   0.05873        61       640    0.5664    0.9083    0.8324    0.3257   0.04735   0.02476  0.003414
   149/499     4.47G   0.04421   0.01774  0.001978   0.06393        69       640    0.5923    0.8474    0.7897    0.2777   0.05045   0.02549  0.003713
   150/499     4.47G   0.03891   0.01598  0.002212    0.0571        47       640    0.6655    0.9054    0.8948    0.3773   0.04427   0.02526  0.003724
   151/499     4.47G   0.03996   0.01779  0.001894   0.05964        68       640    0.6092    0.9107    0.8594    0.3687   0.04818   0.02349  0.003743
   152/499     4.47G   0.04054   0.01725  0.001779   0.05957        66       640    0.5909    0.9286     0.882    0.3477    0.0451   0.02392  0.003521
   153/499     4.47G   0.04196    0.0175  0.001728   0.06118        81       640    0.5089    0.8003    0.7235    0.2324   0.05615   0.02356  0.003451
   154/499     4.47G   0.04031   0.01681   0.00183   0.05894        68       640    0.5874    0.8474    0.7317     0.275   0.05023    0.0261  0.003391
   155/499     4.47G   0.04371   0.01496  0.002191   0.06086        64       640    0.6455    0.8523    0.7942     0.268   0.04913   0.02644  0.003439
   156/499     4.47G   0.04086   0.01721  0.001726    0.0598        59       640    0.6992    0.8403    0.8385     0.377   0.04353   0.02452  0.003092
   157/499     4.47G   0.03668   0.01527   0.00189   0.05384        61       640    0.7179    0.8941    0.8664    0.4206    0.0428   0.02323  0.002876
   158/499     4.47G   0.03714   0.01562  0.001571   0.05433        67       640    0.6939    0.8588    0.8546    0.3596   0.04574    0.0238  0.003504
   159/499     4.47G   0.03539   0.01601  0.001555   0.05296        57       640    0.5805    0.8344    0.8163    0.3265   0.04617   0.02778  0.004048
   160/499     4.47G   0.03615   0.01524  0.001645   0.05304        63       640    0.7607    0.8186    0.8115    0.3446   0.04825   0.02999  0.004481
   161/499     4.47G   0.04104   0.01682  0.001677   0.05954        75       640    0.6939    0.8726    0.8451    0.3427   0.04578   0.02937  0.004195
   162/499     4.47G   0.04033   0.01684  0.001681   0.05886        75       640    0.6492    0.8523    0.8317    0.3784   0.04631   0.02801   0.00385
   163/499     4.47G   0.03758   0.01536  0.001676   0.05461        60       640    0.6526    0.8904    0.8749    0.3651   0.04555   0.02589  0.003298
   164/499     4.47G   0.03922   0.01666  0.001654   0.05753        73       640    0.6013    0.8425    0.8377    0.3558   0.04792   0.02395  0.002888
   165/499     4.47G   0.03916   0.01519  0.001517   0.05586        59       640    0.6295    0.9018    0.8497    0.3322   0.04665   0.02367  0.002838
   166/499     4.47G   0.03726   0.01426  0.001667   0.05319        54       640    0.6007    0.8791     0.828    0.3286   0.04728   0.02379  0.002951
   167/499     4.47G   0.03269   0.01681  0.001977   0.05147        58       640     0.707    0.8904    0.8916    0.3745   0.04441   0.02376  0.002956
   168/499     4.47G    0.0299   0.01672   0.00207   0.04868        66       640    0.5604    0.9107    0.8312    0.3293   0.04665    0.0236  0.002859
   169/499     4.47G   0.04445   0.01548  0.001787   0.06172        61       640    0.4149    0.9034    0.7107    0.2625   0.05314   0.02399  0.002877
   170/499     4.47G   0.04939   0.01727  0.002041   0.06871        65       640    0.5617    0.8856    0.7608    0.3474   0.04607   0.02467  0.003058
   171/499     4.47G   0.03707   0.01581   0.00218   0.05506        56       640    0.6458    0.8969    0.8377    0.3579   0.04686   0.02516  0.003159
   172/499     4.47G   0.03491   0.01933  0.002423   0.05667        66       640    0.6491    0.8856    0.8156    0.3706   0.04372   0.02373  0.002832
   173/499     4.47G   0.04251   0.01716  0.001738   0.06141        70       640    0.5906    0.8677    0.7918    0.2942   0.04646   0.02282  0.002848
   174/499     4.47G   0.03925   0.01517  0.001718   0.05614        61       640     0.672    0.9058    0.8696    0.3809   0.04184   0.02338  0.002917
   175/499     4.47G   0.03428   0.01442  0.001611   0.05032        69       640    0.7311    0.9172    0.8956    0.3883   0.04253    0.0234  0.002991
   176/499     4.47G   0.03222   0.01686  0.001573   0.05065        84       640    0.6637    0.8831    0.8656    0.3623   0.04342   0.02425  0.002947
   177/499     4.47G   0.04864   0.01663  0.001292   0.06656        67       640    0.4311    0.8815    0.6139    0.2166   0.05776   0.02296  0.002725
   178/499     4.47G   0.05227   0.01598  0.001903   0.07016        65       640    0.5724    0.8815    0.6942     0.303   0.04752   0.02484  0.003059
   179/499     4.47G   0.03778   0.01554  0.002421   0.05574        62       640    0.5652     0.888     0.793    0.3365   0.04637   0.02566  0.003281
   180/499     4.47G   0.03398   0.01583  0.002279   0.05209        61       640    0.6553    0.8969     0.887    0.3658   0.04463   0.02526  0.003433
   181/499     4.47G   0.03828   0.01451  0.001964   0.05475        60       640    0.4283    0.8791    0.7303    0.2939   0.05097   0.02401  0.003222
   182/499     4.47G    0.0426   0.01557   0.00171   0.05987        78       640    0.6053    0.9058     0.777    0.3452   0.04579    0.0241  0.003216
   183/499     4.47G   0.03574   0.01375  0.001792   0.05128        54       640    0.6253    0.9058     0.855    0.3846   0.04532   0.02405  0.003219
   184/499     4.47G   0.03367    0.0152  0.001733    0.0506        72       640    0.6783    0.8817    0.8474    0.3597   0.04476   0.02398  0.002907
   185/499     4.47G   0.04254   0.01476  0.001801    0.0591        77       640    0.5541    0.8701    0.7343    0.2448   0.05423   0.02425  0.003871
   186/499     4.47G   0.04309   0.01713  0.001751   0.06197        75       640    0.6965    0.8393    0.7595     0.249   0.05184   0.02664  0.004592
   187/499     4.47G   0.03441   0.01516  0.001854   0.05143        56       640    0.7263    0.8437    0.8324    0.3489   0.04799   0.02528  0.004432
   188/499     4.47G   0.03157   0.01582  0.002037   0.04943        58       640    0.6159    0.8831    0.8388    0.3166   0.05008   0.02274  0.003488
   189/499     4.47G   0.03709   0.01668  0.001546   0.05532        67       640    0.6233    0.8849    0.8582    0.3499   0.04506     0.024   0.00315
   190/499     4.47G   0.04454   0.01504  0.001303   0.06089        51       640    0.6521    0.8815    0.8452    0.4081   0.04546   0.02448  0.003612
   191/499     4.47G   0.03339   0.01521  0.001736   0.05033        74       640    0.8094    0.8726    0.8823    0.4315   0.04472   0.02608  0.003976
   192/499     4.47G   0.03273   0.01472  0.001523   0.04897        62       640    0.6648     0.836    0.7833    0.3825   0.04415   0.02554  0.003322
   193/499     4.47G   0.04389   0.01494  0.001686   0.06051        58       640    0.6075    0.8612    0.7997    0.2445   0.05092   0.02535  0.003018
   194/499     4.47G   0.04389   0.01612  0.002031   0.06204        75       640    0.6884    0.8385    0.8206    0.3139   0.04881   0.02663  0.002895
   195/499     4.47G   0.03507   0.01585  0.001916   0.05284        77       640    0.6772    0.8549    0.8338    0.3911   0.04687    0.0267  0.002818
   196/499     4.47G   0.03231    0.0152  0.001571   0.04908        62       640    0.5995    0.8766    0.8443    0.3571   0.04642   0.02315  0.002658
   197/499     4.47G   0.03776   0.01606  0.001629   0.05545        60       640    0.6854    0.9058    0.8852    0.3917   0.04461   0.02373  0.002709
   198/499     4.47G   0.03861    0.0151  0.001309   0.05502        59       640    0.6336    0.8539     0.839    0.3154   0.05062   0.02386  0.002869
   199/499     4.47G   0.03396   0.01681  0.002034   0.05281        75       640    0.7704    0.8766    0.8797    0.3608   0.04421    0.0236  0.002884
   200/499     4.47G   0.03098   0.01441  0.001492   0.04688        51       640     0.539    0.8198    0.8025     0.327   0.05446   0.02253  0.002694
   201/499     4.47G   0.04311   0.01531  0.001385   0.05981        76       640    0.6986    0.8109    0.8019     0.368   0.04399    0.0226  0.002813
   202/499     4.47G   0.04313    0.0139  0.001584   0.05861        61       640    0.7124    0.8701    0.8703    0.3819   0.04434   0.02273  0.002804
   203/499     4.47G   0.03438   0.01487  0.002091   0.05134        62       640    0.7559    0.8815    0.8924    0.4186   0.04233   0.02326  0.002803
   204/499     4.47G   0.03411   0.01489  0.001798   0.05079        58       640    0.6503    0.9302    0.9084    0.4307   0.04448   0.02276  0.002646
   205/499     4.47G    0.0379   0.01425  0.001738   0.05389        67       640    0.5951    0.8994    0.8846    0.3691   0.04906   0.02298  0.002621
   206/499     4.47G   0.03758   0.01469  0.001344   0.05362        67       640    0.6878    0.9261    0.8965    0.4001   0.04541   0.02299  0.002697
   207/499     4.47G   0.03188   0.01554  0.001714   0.04913        74       640    0.7287    0.9172    0.9048    0.4024   0.04417   0.02317  0.002787
   208/499     4.47G   0.03153   0.01453  0.001387   0.04745        72       640    0.6073     0.888     0.851    0.3707    0.0446   0.02348  0.002705
   209/499     4.47G   0.03835   0.01449  0.001212   0.05405        80       640    0.5249    0.8515     0.779    0.3293   0.05228   0.02144  0.002418
   210/499     4.47G   0.03841   0.01752  0.001311   0.05724        70       640    0.7129    0.9172    0.8832    0.4219   0.04331   0.02163  0.002465
   211/499     4.47G   0.03325   0.01387  0.001387   0.04852        72       640     0.722    0.9058    0.8928    0.4238   0.04459   0.02192  0.002619
   212/499     4.47G   0.02968   0.01561  0.001379   0.04667        71       640    0.6269    0.8563    0.8084     0.364   0.04823   0.02346  0.002747
   213/499     4.47G   0.03386    0.0158  0.001574   0.05123        76       640    0.7376    0.8969    0.8834    0.4087   0.04633   0.02323   0.00284
   214/499     4.47G   0.03278   0.01389  0.001324   0.04799        69       640    0.7506    0.9344    0.9003    0.4371   0.04525   0.02327  0.002912
   215/499     4.47G   0.02933    0.0135  0.001299   0.04413        65       640    0.7332    0.9017    0.8987    0.4277   0.04113   0.02397  0.002675
   216/499     4.47G   0.02878   0.01437  0.001352   0.04451        61       640    0.7456    0.8563    0.8684    0.3815   0.04468   0.02531  0.002817
   217/499     4.47G   0.03458   0.01441  0.001256   0.05024        60       640    0.7749    0.8819    0.8697    0.3984   0.04645   0.02445  0.002754
   218/499     4.47G   0.03943    0.0139  0.001475   0.05481        67       640    0.7543    0.8791    0.8863    0.4109   0.04312   0.02463   0.00278
   219/499     4.47G   0.02844    0.0143  0.001342   0.04408        59       640    0.7861    0.8701    0.8996    0.3933   0.04471   0.02467  0.003111
   220/499     4.47G   0.02834   0.01514  0.001461   0.04494        59       640     0.744    0.8969    0.8985    0.4518    0.0416   0.02408  0.003226
   221/499     4.47G    0.0343   0.01308  0.001654   0.04904        58       640    0.6184    0.8969    0.8434    0.3585   0.04791    0.0249  0.003496
   222/499     4.47G   0.03519   0.01363  0.001388   0.05021        59       640    0.7626    0.9083    0.8897    0.4215    0.0419   0.02454  0.003679
   223/499     4.47G    0.0269   0.01441  0.001245   0.04255        76       640    0.7731    0.8904    0.8748    0.3946   0.04304   0.02519  0.004076
   224/499     4.47G   0.02619   0.01523  0.001195   0.04261        84       640    0.7054     0.888    0.8793    0.4168   0.04206   0.02477  0.003672
   225/499     4.47G   0.03438   0.01372  0.001171   0.04927        65       640    0.5809    0.8499    0.8116    0.3142   0.05467   0.02409  0.003361
   226/499     4.47G   0.04271   0.01483  0.001429   0.05897        60       640    0.5478    0.8929    0.8461    0.4044   0.04622   0.02375   0.00365
   227/499     4.47G   0.02898   0.01472  0.001617   0.04532        56       640    0.6026    0.9018    0.8811    0.4326   0.04438   0.02407  0.003898
   228/499     4.47G   0.02991   0.01473  0.001464    0.0461        72       640    0.6561    0.8904    0.8904     0.437    0.0414   0.02476    0.0039
   229/499     4.47G   0.03453   0.01402  0.001471   0.05002        57       640    0.6737    0.8157     0.838    0.2885   0.05006     0.024    0.0037
   230/499     4.47G   0.03591   0.01621  0.002169   0.05429        67       640    0.8005    0.8583    0.8734    0.4119   0.04185   0.02569  0.003774
   231/499     4.47G   0.03011   0.01386  0.001746   0.04571        59       640    0.8409    0.8539    0.8661    0.3734   0.04471   0.02765  0.003771
   232/499     4.47G   0.02786   0.01428  0.001257    0.0434        72       640    0.8049    0.8831    0.8699    0.3639   0.04624   0.02643  0.003394
   233/499     4.47G   0.03158   0.01618  0.001367   0.04913        60       640    0.7354    0.8856     0.867    0.3273   0.04861   0.02499  0.003278
   234/499     4.47G   0.03203   0.01375   0.00123   0.04701        64       640    0.7327    0.8969     0.868    0.3887   0.04298   0.02584  0.003588
   235/499     4.47G   0.02763   0.01351  0.001099   0.04225        70       640    0.6328    0.9016     0.874    0.4007    0.0429   0.02371  0.002978
   236/499     4.47G   0.02489   0.01452 0.0009803   0.04038        61       640    0.7557    0.9058    0.8963     0.416   0.04322   0.02387  0.003102
   237/499     4.47G   0.03054   0.01462 0.0009673   0.04613        58       640      0.59    0.8604    0.7993    0.3224   0.05121   0.02282  0.003357
   238/499     4.47G   0.03617   0.01523  0.001034   0.05243        66       640     0.725    0.8555    0.8729    0.3912   0.04452   0.02315  0.003576
   239/499     4.47G   0.02703   0.01353 0.0008818   0.04144        57       640    0.6887    0.8178    0.8312    0.3932   0.04605    0.0233  0.003564
   240/499     4.47G   0.02674   0.01499  0.001171    0.0429        66       640    0.7129    0.8955    0.8863    0.3888    0.0442    0.0238  0.003332
   241/499     4.47G   0.03311   0.01377   0.00107   0.04795        63       640    0.6333    0.7857    0.7981    0.3328   0.05077   0.02378  0.003296
   242/499     4.47G   0.03167   0.01565  0.001334   0.04865        71       640    0.7527     0.888    0.8806    0.4263   0.04186   0.02397  0.003663
   243/499     4.47G   0.02742   0.01502   0.00108   0.04353        80       640    0.7721    0.8994    0.8855    0.3917   0.04378   0.02402  0.003558
   244/499     4.47G   0.02541   0.01529  0.001158   0.04186        79       640    0.7242    0.8945    0.8745    0.3914   0.04537   0.02367   0.00273
   245/499     4.47G   0.02951   0.01323 0.0009465   0.04369        73       640    0.7846    0.9351    0.9074    0.4123   0.04383    0.0234  0.002887
   246/499     4.47G   0.03138   0.01533  0.001142   0.04786        90       640    0.7227    0.8896    0.8499    0.3864   0.04473    0.0233   0.00292
   247/499     4.47G   0.02546   0.01313  0.001097   0.03969        72       640    0.7462     0.892    0.8657    0.3921    0.0436   0.02391  0.002982
   248/499     4.47G    0.0246   0.01386  0.001118   0.03958        75       640    0.7995    0.8945     0.867    0.3642    0.0466   0.02493  0.002929
   249/499     4.47G    0.0324   0.01418 0.0009499   0.04753        63       640    0.7731    0.8588    0.8404    0.3423   0.04516   0.02608    0.0032
   250/499     4.47G   0.03131   0.01544  0.001515   0.04826        73       640    0.7632     0.888    0.8693    0.3732    0.0453   0.02716  0.003428
   251/499     4.47G   0.02489   0.01382  0.001427   0.04013        68       640    0.7871    0.8791    0.8663    0.3629   0.04562   0.02686  0.003593
   252/499     4.47G   0.02405   0.01433  0.001955   0.04034        67       640    0.7157    0.8563    0.8576    0.3588   0.04586   0.02512  0.003488
   253/499     4.47G   0.02963   0.01236  0.001125   0.04311        57       640    0.7322    0.8994    0.8728    0.3787   0.04422   0.02394  0.003282
   254/499     4.47G   0.02873   0.01291  0.001333   0.04297        49       640    0.7543    0.8791    0.8527    0.3849   0.04195   0.02412  0.003221
   255/499     4.47G   0.02519   0.01279  0.001179   0.03916        55       640    0.7629    0.8588    0.8563    0.3522   0.04523   0.02551  0.003243
   256/499     4.47G   0.02316   0.01421  0.001188   0.03856        70       640    0.7395    0.8385    0.8179    0.3609    0.0428   0.02609  0.003948
   257/499     4.47G   0.02951   0.01288  0.001073   0.04347        60       640    0.7048    0.7955    0.7825    0.2812   0.05209    0.0255  0.003737
   258/499     4.47G   0.03471   0.01434  0.001285   0.05033        78       640    0.7922    0.9236    0.9185    0.4258   0.04154   0.02558  0.003643
   259/499     4.47G    0.0279   0.01372  0.001038   0.04266        60       640     0.818    0.9261    0.9194    0.4243   0.04195   0.02517  0.003693
   260/499     4.47G   0.02586   0.01321  0.001007   0.04008        60       640    0.7763    0.9286    0.9335    0.4169   0.04572   0.02382  0.003793
   261/499     4.47G    0.0319   0.01426  0.001339    0.0475        69       640    0.7914    0.9261    0.9345     0.434   0.04288   0.02447  0.003577
   262/499     4.47G   0.02917   0.01319 0.0008519   0.04321        55       640    0.7895    0.9286    0.9289    0.4206   0.04578   0.02456  0.003622
   263/499     4.47G   0.02559   0.01281  0.001261   0.03966        53       640    0.7908    0.9172    0.9235    0.4328   0.04493   0.02462  0.003897
   264/499     4.47G   0.02318   0.01274  0.001107   0.03703        63       640    0.6832    0.8718    0.8623    0.3707   0.04586    0.0251  0.003998
   265/499     4.47G   0.03216   0.01452 0.0008355   0.04751        80       640    0.7029    0.8676    0.8573     0.375   0.04693   0.02491  0.004001
   266/499     4.47G   0.03208   0.01308 0.0009078   0.04606        53       640    0.8014     0.911    0.9168    0.4339   0.04422   0.02525  0.003878
   267/499     4.47G   0.02419   0.01304   0.00102   0.03825        66       640    0.8037    0.9172    0.9235    0.4325   0.04286    0.0251  0.003931
   268/499     4.47G   0.02266   0.01372  0.001139   0.03752        75       640    0.7562    0.8945    0.9066    0.4412   0.04477   0.02508  0.003639
   269/499     4.47G   0.02856   0.01411  0.001065   0.04374        74       640    0.7697    0.9172    0.9066    0.4179   0.04283   0.02531  0.003856
   270/499     4.47G   0.02956   0.01274 0.0008358   0.04314        82       640    0.7921    0.9196    0.9217     0.437   0.04302   0.02526  0.003859
   271/499     4.47G    0.0225   0.01154 0.0009604   0.03499        61       640    0.7471    0.8856     0.891    0.4194   0.04437    0.0253  0.003546
   272/499     4.47G   0.02167   0.01249 0.0009015   0.03506        71       640    0.7754    0.9196    0.9162    0.4405   0.04245   0.02651  0.003236
   273/499     4.47G   0.02808   0.01376  0.001453   0.04329        81       640    0.7468    0.8856    0.8868    0.4026   0.04668   0.02605  0.003153
   274/499     4.47G   0.02874   0.01344 0.0009542   0.04313        59       640     0.807    0.9261    0.9108    0.3951   0.04409   0.02606  0.003166
   275/499     4.47G   0.02311    0.0129 0.0009254   0.03693        74       640    0.7994    0.8781    0.8722    0.4123   0.04314   0.02594  0.003127
   276/499     4.47G   0.02261    0.0127 0.0009342   0.03624        65       640    0.7778    0.8523     0.851    0.3973   0.04354   0.02591  0.003093
   277/499     4.47G     0.025    0.0126 0.0007322   0.03833        69       640    0.6989    0.7704    0.7863    0.3231   0.04963   0.02532  0.002959
   278/499     4.47G   0.02943   0.01364 0.0009924   0.04407        63       640    0.7948    0.8484    0.8393    0.3856   0.04432   0.02631  0.002979
   279/499     4.47G   0.02403   0.01286 0.0008519   0.03775        69       640    0.7629    0.8271    0.8259    0.3641   0.04652   0.02522  0.003044
   280/499     4.47G   0.02332   0.01212 0.0008702   0.03631        62       640    0.7706    0.8701    0.8744    0.4233   0.04341    0.0244  0.002868
   281/499     4.47G   0.02528   0.01257  0.001007   0.03886        59       640    0.6543    0.7695    0.7892    0.3372     0.049   0.02419   0.00269
   282/499     4.47G   0.03011   0.01223 0.0008467   0.04319        62       640    0.8437    0.8864    0.8945    0.4179   0.04162   0.02579  0.002781
   283/499     4.47G   0.02423   0.01425  0.000757   0.03924        63       640    0.8476    0.8385     0.894    0.4312   0.04159   0.02774   0.00265
   284/499     4.47G   0.02355   0.01128 0.0008751   0.03571        70       640    0.8218    0.8708    0.8956     0.436   0.04247   0.02688  0.002593
   285/499     4.47G   0.02709   0.01205  0.001098   0.04023        63       640    0.8583    0.9083    0.9227    0.4011    0.0439   0.02623  0.002637
   286/499     4.47G   0.02713   0.01332 0.0009238   0.04138        72       640    0.8158    0.8725    0.8897    0.4012   0.04265    0.0267  0.002586
   287/499     4.47G   0.02395   0.01249 0.0009586   0.03739        55       640    0.7775     0.836    0.8399    0.3586   0.04584   0.02698   0.00242
   288/499     4.47G   0.02321   0.01267  0.000784   0.03666        64       640    0.7676     0.888     0.869    0.3912    0.0417   0.02841  0.003101
   289/499     4.47G   0.03024    0.0143  0.001112   0.04566        59       640    0.6601    0.7711    0.7625    0.2495   0.05071   0.03283   0.00406
   290/499     4.47G   0.03082   0.01281  0.001028   0.04465        44       640    0.7587    0.8498    0.8449    0.3552   0.04451   0.03025  0.003726
   291/499     4.47G   0.02274    0.0116  0.001063   0.03541        55       640    0.8002    0.8635    0.8712    0.3845   0.04374   0.02995  0.003559
   292/499     4.47G   0.02237   0.01342 0.0008978   0.03668        60       640    0.7948     0.888     0.891    0.3998   0.04334    0.0272  0.003557
   293/499     4.47G   0.02463    0.0128 0.0008217   0.03824        54       640    0.7109    0.8539    0.8695    0.3755   0.04669   0.02574  0.003296
   294/499     4.47G   0.02762   0.01334 0.0007796   0.04174        78       640    0.7732    0.8856    0.8942    0.4111   0.04295   0.02568  0.003238
   295/499     4.47G   0.02356    0.0117  0.000822   0.03609        60       640    0.7541    0.8831    0.8742    0.4032   0.04388   0.02551  0.003033
   296/499     4.47G   0.02112   0.01181 0.0007819   0.03371        66       640    0.7798    0.8994    0.8896    0.4001   0.04373   0.02549  0.002708
   297/499     4.47G   0.02481   0.01256 0.0009355   0.03831        75       640    0.7096    0.8746    0.8466    0.3635   0.04584   0.02598  0.002584
   298/499     4.47G   0.02966   0.01397  0.001062   0.04469        73       640    0.7802    0.8969    0.8997    0.4203    0.0428   0.02591  0.002468
   299/499     4.47G   0.02265   0.01303 0.0009182    0.0366        72       640    0.7938    0.8816    0.8831    0.4092   0.04361   0.02606  0.002523
   300/499     4.47G    0.0223   0.01164 0.0006941   0.03464        63       640    0.8231     0.894    0.8939     0.403    0.0438   0.02618  0.002703
   301/499     4.47G   0.02567   0.01274 0.0007381   0.03915        57       640    0.7578    0.8628    0.8816    0.3853   0.04724   0.02559  0.002526
   302/499     4.47G   0.02589   0.01298 0.0008289   0.03969        73       640     0.818    0.9172    0.9187    0.4187    0.0422    0.0254  0.002638
   303/499     4.47G   0.02073   0.01319 0.0006885   0.03461        62       640    0.8218    0.9172    0.9126    0.4269   0.04281   0.02544   0.00266
   304/499     4.47G    0.0212   0.01297  0.000802   0.03497        63       640    0.8215    0.9058    0.9107    0.4277   0.04318   0.02548  0.002781
   305/499     4.47G   0.02248    0.0111 0.0006729   0.03425        66       640    0.8129    0.9089     0.909    0.4291   0.04284   0.02552  0.002854
   306/499     4.47G   0.02391   0.01206 0.0007138   0.03669        60       640    0.8132    0.8969    0.9016    0.4146   0.04342   0.02551  0.002818
   307/499     4.47G   0.02104   0.01161  0.000816   0.03346        75       640    0.7857    0.8856    0.8851    0.4078   0.04446   0.02535  0.002815
   308/499     4.47G   0.02075   0.01219 0.0006398   0.03357        71       640    0.7685    0.9196    0.9231    0.4114   0.04219   0.02575  0.002709
   309/499     4.47G   0.02324   0.01257 0.0006096   0.03641        63       640    0.6738    0.7606    0.7945    0.3574   0.04911   0.02607   0.00262
   310/499     4.47G    0.0275   0.01311 0.0006378   0.04125        73       640    0.8454    0.9196    0.9244    0.4079   0.04262    0.0265  0.002824
   311/499     4.47G   0.02104   0.01114 0.0006862   0.03286        62       640    0.8527    0.9286    0.9218    0.4219   0.04216   0.02676  0.002826
   312/499     4.47G   0.01945   0.01211  0.000658   0.03222        71       640     0.844    0.9196    0.9144    0.4049   0.04219   0.02688  0.002963
   313/499     4.47G   0.02421   0.01226 0.0006648   0.03713        71       640    0.7682    0.8742     0.885     0.389   0.04615   0.02686  0.002982
   314/499     4.47G   0.02581    0.0135 0.0007058   0.04002        65       640    0.8201    0.9227     0.915    0.4185   0.04249   0.02646  0.003042
   315/499     4.47G   0.02233   0.01212 0.0008818   0.03532        64       640     0.815    0.9172    0.9081    0.3984   0.04466   0.02665  0.002981
   316/499     4.47G   0.02144   0.01189 0.0007073   0.03404        55       640    0.8036    0.9286    0.9213    0.4063    0.0433   0.02624  0.002788
   317/499     4.47G   0.02641   0.01265 0.0007214   0.03978        66       640    0.6959    0.7719    0.7452    0.3084   0.05056    0.0267   0.00278
   318/499     4.47G   0.02928   0.01312  0.001177   0.04358        57       640    0.8409    0.9286     0.915     0.389   0.04344    0.0263  0.002838
   319/499     4.47G   0.02212   0.01159  0.001056   0.03477        63       640    0.8587    0.9286    0.9123    0.3994   0.04337   0.02622  0.002919
   320/499     4.47G   0.01988   0.01322 0.0008094   0.03391        71       640    0.8107    0.9058     0.892    0.4082   0.04382   0.02576  0.002888
   321/499     4.47G   0.02337   0.01192 0.0009905   0.03628        70       640    0.8164    0.9172    0.9046    0.4112   0.04263   0.02602  0.002957
   322/499     4.47G   0.02505   0.01239  0.001002   0.03845        58       640    0.7849    0.8766    0.8768    0.3967    0.0447   0.02626  0.002992
   323/499     4.47G   0.01927   0.01142 0.0008488   0.03153        71       640    0.7752     0.888    0.8807    0.4003   0.04452   0.02626  0.003161
   324/499     4.47G   0.01968   0.01173 0.0009216   0.03233        60       640    0.7109    0.8198    0.8271    0.3527   0.04769   0.02659  0.003363
   325/499     4.47G   0.02387   0.01365  0.000773   0.03829        66       640    0.7904    0.9107    0.8945    0.3912   0.04474     0.027  0.003478
   326/499     4.47G   0.02344   0.01189 0.0006716   0.03601        66       640     0.797    0.8994    0.8884    0.3814   0.04539   0.02708  0.003401
   327/499     4.47G   0.02148    0.0115 0.0007407   0.03372        76       640    0.8165    0.8994    0.8966    0.4084   0.04247   0.02741  0.003533
   328/499     4.47G   0.02232   0.01226 0.0007752   0.03536        62       640     0.794    0.8539    0.8351    0.3517   0.04692    0.0276  0.003385
   329/499     4.47G   0.02396   0.01279 0.0006646   0.03741        71       640    0.8704    0.9196    0.8906    0.4048   0.04254   0.02749  0.003179
   330/499     4.47G   0.02448    0.0111 0.0006207    0.0362        61       640    0.8624    0.8929    0.8815    0.3871   0.04426   0.02837  0.002662
   331/499     4.47G   0.02094   0.01272 0.0006555   0.03431        68       640    0.8523    0.8839    0.8775    0.3816   0.04444    0.0282  0.002494
   332/499     4.47G   0.01969   0.01284 0.0008881   0.03342        69       640    0.7817    0.8969    0.8738    0.4191    0.0412   0.02716  0.002894
   333/499     4.47G   0.02439   0.01169  0.001182   0.03727        72       640    0.7562    0.8271    0.8282    0.3207    0.0478    0.0271   0.00248
   334/499     4.47G   0.02556   0.01172 0.0008073   0.03808        62       640    0.8206    0.8994    0.8955    0.4009   0.04318   0.02705  0.002699
   335/499     4.47G    0.0207   0.01122 0.0006992   0.03262        58       640    0.8189    0.8994     0.894    0.4133   0.04254   0.02682  0.002717
   336/499     4.47G   0.02001   0.01176  0.000675   0.03244        79       640    0.8121     0.888    0.8884    0.3792   0.04451    0.0264  0.002668
   337/499     4.47G   0.02367   0.01238 0.0006406   0.03669        67       640    0.7891    0.8791    0.8817    0.4124   0.04275   0.02611  0.002996
   338/499     4.47G   0.02342   0.01225 0.0007214   0.03639        73       640    0.7754    0.8856    0.9016    0.4274   0.04372    0.0259  0.003117
   339/499     4.47G    0.0184   0.01074 0.0006262   0.02976        55       640    0.8128     0.888    0.8987    0.4128   0.04374    0.0259  0.003046
   340/499     4.47G   0.01836   0.01094 0.0008073    0.0301        69       640    0.7956    0.8856     0.893    0.3943    0.0446   0.02625   0.00302
   341/499     4.47G   0.02167   0.01063 0.0006263   0.03292        51       640    0.7766    0.9083    0.9027    0.4226   0.04275   0.02638  0.003028
   342/499     4.47G   0.02305    0.0125 0.0008181   0.03637        64       640    0.8236    0.9083    0.8917    0.3828   0.04465   0.02635  0.003078
   343/499     4.47G   0.01931   0.01135 0.0005782   0.03124        80       640     0.839    0.8994    0.8827    0.3976   0.04297   0.02638  0.003015
   344/499     4.47G   0.01863   0.01235 0.0006727   0.03165        70       640    0.8271    0.8969    0.8702    0.3746   0.04458   0.02697  0.003005
   345/499     4.47G   0.02188   0.01356 0.0005394   0.03598        72       640    0.8137    0.9058    0.8992    0.3953   0.04299   0.02671  0.003075
   346/499     4.47G   0.02243   0.01064 0.0005724   0.03364        58       640    0.7959    0.9172    0.9041    0.3924   0.04348   0.02648  0.002898
   347/499     4.47G   0.01973    0.0123 0.0008254   0.03286        62       640    0.8061    0.9172    0.9004    0.3932   0.04288   0.02668  0.002883
   348/499     4.47G   0.01914   0.01261  0.000675   0.03243        80       640    0.8239    0.9196    0.9077    0.4008   0.04291   0.02682  0.002985
   349/499     4.47G   0.02311   0.01119 0.0008338   0.03513        65       640    0.7724    0.8766    0.8585    0.3536   0.04796   0.02657  0.002858
   350/499     4.47G   0.02357   0.01253  0.000856   0.03695        67       640    0.8231    0.9083    0.8991    0.3921   0.04349   0.02604  0.003166
   351/499     4.47G   0.01983   0.01187 0.0005392   0.03224        74       640     0.815     0.888     0.866    0.3715   0.04477   0.02592  0.003121
   352/499     4.47G   0.01907   0.01007 0.0007507   0.02989        45       640    0.7903    0.8791    0.8492    0.3498   0.04698   0.02596  0.002521
   353/499     4.47G   0.02241   0.01177 0.0006263    0.0348        81       640    0.7845    0.9196    0.9026    0.3846   0.04369   0.02649  0.002433
   354/499     4.47G   0.02107   0.01195 0.0004864   0.03351        63       640    0.7863    0.8791    0.8558    0.3707   0.04594   0.02707  0.002554
   355/499     4.47G   0.01922    0.0125 0.0006762    0.0324        71       640    0.7898    0.8487     0.836      0.37   0.04561   0.02838  0.002542
   356/499     4.47G   0.01853   0.01254 0.0005695   0.03164        74       640    0.8307    0.8929    0.8868    0.4091   0.04276   0.02826  0.002778
   357/499     4.47G   0.02288   0.01135 0.0005548   0.03479        80       640    0.7824    0.8157    0.8045    0.3401   0.04718   0.02769    0.0029
   358/499     4.47G   0.02354   0.01113 0.0005736   0.03524        49       640    0.7873    0.8677    0.8504    0.3756   0.04476   0.02754  0.002914
   359/499     4.47G   0.01794   0.01199 0.0005713   0.03051        80       640    0.7785    0.8653    0.8498    0.3645   0.04498   0.02792  0.002872
   360/499     4.47G    0.0184   0.01197 0.0006265   0.03099        61       640    0.8157    0.9083    0.8886    0.3989   0.04323   0.02764  0.002824
   361/499     4.47G    0.0207   0.01143 0.0006407   0.03277        65       640     0.746    0.8109    0.7979    0.3318   0.04806   0.02758   0.00279
   362/499     4.47G   0.02141   0.01144 0.0005704   0.03342        67       640    0.8478    0.8969    0.8769    0.3789   0.04499   0.02675   0.00278
   363/499     4.47G   0.01839   0.01297 0.0005782   0.03194        88       640     0.832     0.888    0.8835    0.3853   0.04454   0.02657  0.002746
   364/499     4.47G   0.01778   0.01057 0.0005732   0.02892        75       640    0.8245    0.8837    0.8775    0.3609   0.04522    0.0273  0.002869
   365/499     4.47G   0.02229   0.01172 0.0006288   0.03463        70       640    0.8427    0.9107    0.8999    0.3996   0.04349   0.02766  0.003018
   366/499     4.47G   0.02397    0.0114 0.0005654   0.03593        76       640    0.8361    0.8904    0.8767    0.3759   0.04444   0.02774  0.003113
   367/499     4.47G    0.0202   0.01154 0.0006179   0.03236        61       640    0.8188    0.8766    0.8713     0.373   0.04493   0.02792  0.003088
   368/499     4.47G   0.01841   0.01095 0.0005295   0.02989        58       640     0.812    0.8904    0.8869    0.3977   0.04271   0.02755   0.00279
   369/499     4.47G   0.02152  0.009997 0.0006328   0.03215        62       640    0.7749    0.8588    0.8603    0.3657   0.04437   0.02739  0.002707
   370/499     4.47G   0.02143   0.01216 0.0005807   0.03417        57       640     0.802    0.8904    0.8903    0.3829   0.04331   0.02701  0.002616
   371/499     4.47G   0.01787   0.01187 0.0007422   0.03049        72       640    0.8307    0.8904    0.8932    0.3894   0.04366   0.02679  0.002482
   372/499     4.47G    0.0181   0.01217 0.0008979   0.03117        64       640    0.7965    0.8904     0.886     0.394    0.0432    0.0269   0.00244
   373/499     4.47G   0.01854   0.01089 0.0006004   0.03002        59       640    0.7841    0.8791    0.8822    0.3584    0.0468   0.02709  0.002507
   374/499     4.47G   0.02202   0.01121 0.0005209   0.03376        61       640    0.8321    0.9107    0.9058    0.4202   0.04194    0.0271  0.002612
   375/499     4.47G   0.01773   0.01028 0.0005269   0.02854        54       640    0.8168    0.9107    0.9102    0.4181   0.04259    0.0271  0.002648
   376/499     4.47G   0.01855   0.01163 0.0005298    0.0307        61       640    0.8493    0.9286    0.9279    0.4307   0.04215   0.02715  0.002695
   377/499     4.47G    0.0217   0.01181 0.0005848   0.03409        73       640    0.8119    0.8969    0.8933     0.373   0.04589   0.02712  0.002786
   378/499     4.47G   0.02232   0.01175 0.0004783   0.03455        53       640    0.8418    0.9083    0.9066    0.4233   0.04175   0.02746  0.002903
   379/499     4.47G   0.02018   0.01065 0.0006256   0.03146        60       640    0.8503    0.9107    0.9123    0.4138   0.04251   0.02738  0.002929
   380/499     4.47G    0.0184  0.009922 0.0005479   0.02887        68       640    0.8496    0.9196    0.9216    0.4193    0.0426   0.02735  0.002895
   381/499     4.47G   0.01941   0.01272 0.0004973   0.03264        69       640     0.853    0.9107    0.9115    0.4109   0.04367   0.02759  0.002837
   382/499     4.47G   0.01953    0.0111 0.0005168   0.03115        88       640     0.858    0.9107    0.9138    0.4148   0.04278    0.0276  0.002895
   383/499     4.47G   0.01788   0.01119 0.0005355   0.02961        70       640    0.8462    0.8994    0.8983    0.3876   0.04379   0.02781  0.002938
   384/499     4.47G   0.01686   0.01079 0.0004987   0.02815        57       640    0.8109    0.8994    0.8962    0.3843   0.04415   0.02834  0.002831
   385/499     4.47G    0.0179   0.01035 0.0005409    0.0288        72       640    0.7995     0.888    0.8835    0.3761   0.04532   0.02836  0.002947
   386/499     4.47G    0.0187   0.01032 0.0004998   0.02952        63       640    0.8108    0.8856    0.8769    0.3703   0.04487   0.02805   0.00292
   387/499     4.47G   0.01794   0.01204 0.0005598   0.03054        63       640    0.7779    0.8742    0.8641    0.3613   0.04577    0.0277  0.002911
   388/499     4.47G   0.01728   0.01053 0.0005184   0.02832        64       640     0.783    0.8742    0.8574    0.3466   0.04661   0.02786  0.003001
   389/499     4.47G   0.01894   0.01079 0.0003981   0.03013        64       640    0.8036    0.8653     0.851    0.3565   0.04567   0.02832  0.003094
   390/499     4.47G   0.02012   0.01045 0.0005856   0.03115        58       640    0.7861    0.8653    0.8534    0.3501   0.04741   0.02839  0.003088
   391/499     4.47G   0.01783   0.01054 0.0004509   0.02882        56       640    0.7938    0.8766    0.8682    0.3549   0.04669   0.02819  0.002908
   392/499     4.47G   0.01739   0.01039 0.0004385   0.02821        58       640    0.7645    0.8628    0.8389    0.3218   0.04807    0.0282  0.002621
   393/499     4.47G    0.0189   0.01186  0.001049   0.03181        47       640    0.7949    0.9083    0.8853    0.3788   0.04419   0.02821  0.002813
   394/499     4.47G   0.01974  0.009692 0.0004053   0.02983        69       640    0.7749     0.888    0.8725     0.334   0.04631   0.02813  0.002769
   395/499     4.47G   0.01705   0.01094 0.0004504   0.02844        69       640    0.7811    0.8951    0.8716    0.3395   0.04612   0.02796  0.002799
   396/499     4.47G   0.01709   0.01001 0.0005357   0.02764        68       640    0.8081    0.9058    0.8864    0.3622   0.04544   0.02853  0.002847
   397/499     4.47G   0.01726   0.01155 0.0004641   0.02927        78       640     0.804    0.8856    0.8876    0.3879   0.04414   0.02716   0.00285
   398/499     4.47G   0.01968   0.01154 0.0004593   0.03168        62       640    0.7855    0.8979    0.8986    0.4003   0.04354   0.02623  0.002843
   399/499     4.47G    0.0173   0.01006 0.0005277   0.02789        67       640    0.8092    0.9107    0.9011    0.3859   0.04321   0.02636  0.002835
   400/499     4.47G   0.01617   0.01125 0.0004428   0.02786        75       640    0.8039    0.8994    0.8852    0.3792   0.04405   0.02684  0.002801
   401/499     4.47G   0.01932    0.0108 0.0004596   0.03058        62       640    0.8005    0.9196    0.9074    0.3925   0.04302   0.02775    0.0029
   402/499     4.47G   0.01931   0.01077 0.0006733   0.03076        74       640    0.8182    0.9083    0.8994    0.3743   0.04487   0.02842  0.002912
   403/499     4.47G   0.01761   0.01164 0.0004742   0.02972        68       640    0.7951    0.8969    0.8777    0.3574   0.04534   0.02901  0.002828
   404/499     4.47G   0.01583   0.01006 0.0003768   0.02627        70       640    0.8312    0.8994    0.8938     0.393   0.04314   0.02898  0.003014
   405/499     4.47G   0.01859   0.01052 0.0005467   0.02966        74       640    0.8429     0.888    0.8857    0.3508   0.04602   0.02884  0.003043
   406/499     4.47G   0.01773   0.01082 0.0005082   0.02906        60       640    0.8554    0.8994    0.9012    0.3947   0.04294    0.0284  0.002959
   407/499     4.47G   0.01583   0.01038 0.0005182   0.02673        76       640    0.8264    0.8677     0.861    0.3783   0.04312   0.02815  0.002773
   408/499     4.47G    0.0169   0.01066 0.0005391    0.0281        73       640    0.8354    0.8904    0.8785    0.3766   0.04369   0.02874  0.002646
   409/499     4.47G   0.01754   0.01134  0.000507   0.02939        68       640    0.8405    0.8904    0.8749    0.4062     0.042   0.02904  0.002613
   410/499     4.47G   0.01885   0.01053  0.000453   0.02984        61       640    0.8235    0.8726    0.8585    0.3709   0.04335   0.02899  0.002611
   411/499     4.47G   0.01654   0.01072 0.0004209   0.02767        92       640    0.8287    0.8726    0.8617    0.3686   0.04384   0.02893  0.002572
   412/499     4.47G   0.01745   0.01118 0.0004337   0.02907        69       640    0.8069    0.8701    0.8615    0.3625   0.04434   0.02909  0.002465
   413/499     4.47G   0.01802   0.01056 0.0004989   0.02908        73       640    0.8141    0.8791    0.8709    0.3704   0.04541    0.0293  0.002583
   414/499     4.47G   0.01932   0.01209 0.0004246   0.03184        82       640    0.8493    0.8994    0.8929    0.3771   0.04343   0.02934  0.002778
   415/499     4.47G   0.01756   0.01038 0.0005806   0.02852        75       640    0.8354     0.888    0.8822    0.3673   0.04475   0.02976  0.002893
   416/499     4.47G   0.01666  0.009489 0.0004313   0.02658        60       640     0.827    0.8994    0.8964    0.3838   0.04395    0.0302  0.002823
   417/499     4.47G   0.01801   0.01031 0.0005208   0.02884        63       640    0.8229    0.8766    0.8638    0.3432   0.04651   0.03008  0.002933
   418/499     4.47G   0.01963   0.01147 0.0005175   0.03161        71       640      0.85    0.8994    0.8995    0.3798   0.04419    0.0301  0.002962
   419/499     4.47G   0.01641   0.01085   0.00044    0.0277        84       640    0.8507    0.8994    0.8957    0.3811    0.0447   0.03006  0.002994
   420/499     4.47G   0.01736   0.01127 0.0004245   0.02905        76       640    0.8597    0.8994    0.8944    0.3801    0.0437   0.03027     0.003
   421/499     4.47G   0.01852   0.01156 0.0003939   0.03048        65       640    0.8351    0.8827    0.8559    0.3438   0.04671   0.03038   0.00297
   422/499     4.47G   0.01943   0.01032 0.0004943   0.03024        60       640    0.8571    0.9083    0.8886    0.3725   0.04448   0.03028  0.002804
   423/499     4.47G   0.01818   0.01035 0.0004689     0.029        48       640    0.8588    0.9083    0.8906    0.3745   0.04408   0.03013  0.002839
   424/499     4.47G   0.01609  0.009866 0.0004881   0.02644        60       640    0.8577    0.8956    0.8728    0.3719   0.04399   0.03005  0.002898
   425/499     4.47G   0.01661    0.0101 0.0009085   0.02762        57       640    0.8279    0.8742    0.8582    0.3679   0.04551   0.03008  0.002832
   426/499     4.47G   0.01792   0.01121 0.0008523   0.02998        61       640    0.8491    0.8969    0.8768    0.3737   0.04429   0.03018  0.002858
   427/499     4.47G   0.01535  0.008695 0.0003762   0.02442        57       640    0.8381    0.8969    0.8769    0.3688   0.04441   0.03034   0.00279
   428/499     4.47G   0.01553   0.01105 0.0004093   0.02699        75       640    0.8276    0.8856    0.8688    0.3659    0.0454   0.03057  0.002852
   429/499     4.47G   0.01696   0.01015 0.0004446   0.02755        53       640    0.8122    0.8856     0.862    0.3717   0.04437   0.03021  0.002883
   430/499     4.47G   0.01891    0.0102  0.000578   0.02968        70       640    0.8256    0.9172    0.9039    0.3722   0.04506   0.02979  0.002822
   431/499     4.47G   0.01668   0.01002 0.0004549   0.02715        57       640    0.7979    0.9172    0.9019    0.3603   0.04574   0.02947  0.002785
   432/499     4.47G   0.01631   0.01062 0.0004023   0.02733        74       640    0.8099    0.8994     0.897    0.3883   0.04395   0.02931  0.002685
   433/499     4.47G   0.01961   0.00912 0.0007749    0.0295        46       640    0.8218    0.8904    0.8929    0.3631   0.04624    0.0296  0.002782
   434/499     4.47G   0.01798   0.01139 0.0004635   0.02983        59       640    0.8362    0.8994    0.8964    0.3842   0.04465   0.02986  0.002891
   435/499     4.47G   0.01757  0.009505 0.0005483   0.02762        51       640    0.8392    0.8994    0.8963    0.3806   0.04503   0.03006  0.002959
   436/499     4.47G     0.016   0.01025 0.0004378   0.02668        79       640    0.8159     0.888    0.8773    0.3736   0.04543   0.03007  0.002995
   437/499     4.47G   0.01735   0.01104 0.0004717   0.02886        60       640    0.8239    0.8994    0.8947    0.3757   0.04515   0.03001  0.003066
   438/499     4.47G   0.01852   0.01059 0.0003943   0.02951        69       640    0.8217     0.888    0.8857    0.3828   0.04424   0.02974  0.003099
   439/499     4.47G   0.01546  0.009416 0.0006019   0.02548        44       640    0.8394    0.8994    0.9002    0.3841   0.04409   0.02953  0.003154
   440/499     4.47G    0.0168   0.01047 0.0007878   0.02806        81       640    0.8207    0.8994    0.8939    0.3863   0.04467   0.02937  0.003091
   441/499     4.47G   0.01646   0.01031 0.0004519   0.02722        66       640    0.8017     0.888    0.8844    0.3975   0.04462   0.02947   0.00301
   442/499     4.47G   0.01702   0.01124 0.0004067   0.02866        66       640    0.8174     0.888    0.8843    0.3921   0.04497    0.0293  0.003028
   443/499     4.47G   0.01549   0.01036 0.0003916   0.02624        59       640    0.8307    0.8904    0.9033    0.4019    0.0444   0.02907  0.003024
   444/499     4.47G   0.01453  0.009108 0.0004548   0.02409        69       640    0.8455    0.9083    0.9017    0.4024   0.04431   0.02884  0.003065
   445/499     4.47G   0.01633   0.01013 0.0004307   0.02689        57       640    0.8369    0.9083    0.8995    0.3878   0.04411   0.02918  0.003156
   446/499     4.47G   0.01698  0.009856 0.0004016   0.02724        56       640    0.8498    0.9058    0.8972    0.3793   0.04476   0.02941  0.003298
   447/499     4.47G   0.01515  0.009891 0.0003787   0.02542        71       640    0.8391    0.8994    0.8952     0.388   0.04403   0.02956  0.003331
   448/499     4.47G   0.01597   0.00946 0.0003828   0.02581        67       640    0.8377    0.8994       0.9    0.3864   0.04454   0.03007  0.003357
   449/499     4.47G   0.01758    0.0103 0.0004032   0.02828        62       640     0.848    0.9083    0.9078    0.3977   0.04417   0.03018  0.003381
   450/499     4.47G   0.01746   0.01071 0.0004686   0.02863        72       640    0.8392    0.9058    0.8927    0.4039   0.04385   0.02986  0.003406
   451/499     4.47G   0.01625   0.01059 0.0003844   0.02722        70       640    0.8612    0.9172    0.9094    0.3781   0.04502   0.02982  0.003425
   452/499     4.47G   0.01509  0.009396 0.0004274   0.02491        57       640    0.8687    0.9146    0.9101     0.412   0.04295   0.02998  0.003396
   453/499     4.47G   0.01871   0.00976 0.0003648   0.02884        67       640     0.854    0.8994    0.9049    0.3654   0.04549   0.03042  0.003277
   454/499     4.47G   0.01824    0.0104 0.0003479   0.02899        81       640    0.8524    0.8999    0.9047    0.3955   0.04301   0.03047   0.00323
   455/499     4.47G   0.01548   0.00968 0.0006023   0.02576        50       640    0.8668    0.9073    0.9046    0.3911   0.04366   0.03063  0.003223
   456/499     4.47G    0.0169  0.009713 0.0008095   0.02742        54       640    0.8388    0.8969    0.8927    0.3896   0.04382   0.03068  0.003303
   457/499     4.47G    0.0165  0.009609 0.0007432   0.02685        57       640    0.8472    0.9058    0.8918    0.3732   0.04446   0.03057  0.003339
   458/499     4.47G   0.01903  0.009119  0.000392   0.02854        56       640    0.8482    0.8968    0.8803    0.3797    0.0437   0.03044  0.003338
   459/499     4.47G    0.0161    0.0105 0.0005415   0.02714        56       640    0.8306    0.8677    0.8624    0.3718   0.04382   0.03032  0.003329
   460/499     4.47G   0.01665  0.009456 0.0003886    0.0265        58       640    0.7916    0.8539    0.8253    0.3379   0.04625   0.03069  0.003295
   461/499     4.47G    0.0183   0.01012 0.0003951   0.02882        61       640    0.8359    0.8994    0.8751    0.3846    0.0428   0.03054  0.003331
   462/499     4.47G   0.01784  0.009159 0.0003274   0.02733        72       640    0.8277     0.888    0.8716    0.3663   0.04421   0.03054  0.003359
   463/499     4.47G   0.01631   0.01086  0.000521    0.0277        52       640    0.8002    0.8563    0.8381    0.3445     0.046   0.03067  0.003253
   464/499     4.47G   0.01584   0.01028 0.0004256   0.02654        58       640    0.8394     0.888    0.8759     0.376   0.04365   0.03039  0.003072
   465/499     4.47G   0.01706   0.01075 0.0003822   0.02819        91       640    0.8506    0.8996    0.8923    0.3719   0.04468   0.03021  0.002982
   466/499     4.47G   0.01699  0.009587 0.0003883   0.02696        54       640     0.848    0.9083    0.8937    0.3848   0.04408   0.03026  0.003004
   467/499     4.47G   0.01672   0.01072 0.0003626   0.02781        64       640    0.8329    0.9083    0.8932    0.3799   0.04458   0.03016  0.003066
   468/499     4.47G   0.01681   0.01016 0.0003926   0.02736        64       640    0.8273    0.8969    0.8913    0.3739   0.04541   0.03005   0.00311
   469/499     4.47G   0.01634   0.01073 0.0005004   0.02756        69       640    0.8396    0.9083    0.8973    0.3946   0.04324   0.03017  0.003109
   470/499     4.47G   0.01688   0.01035 0.0003766   0.02761        63       640    0.8291    0.8969    0.8891    0.3813   0.04424   0.02987  0.003105
   471/499     4.47G   0.01562   0.01088 0.0003776   0.02688        86       640     0.825    0.9083    0.9016    0.3844   0.04435   0.02964  0.003037
   472/499     4.47G   0.01548   0.01078 0.0004095   0.02667        76       640     0.827    0.9083    0.9014    0.3775   0.04458   0.02948  0.002957
   473/499     4.47G   0.01692  0.009461 0.0004519   0.02684        56       640     0.835    0.9059    0.8998    0.3945   0.04379   0.02907  0.002984
   474/499     4.47G   0.01526   0.01017 0.0003528   0.02578        75       640     0.838    0.9142    0.9009    0.3815    0.0441   0.02875  0.002928
   475/499     4.47G   0.01559  0.009749  0.000411   0.02575        63       640    0.8307    0.9102    0.9009     0.368   0.04488   0.02846  0.002895
   476/499     4.47G   0.01461  0.009879 0.0003581   0.02484        58       640    0.8438    0.9083    0.8991    0.3581   0.04487    0.0285  0.002837
   477/499     4.47G   0.01522  0.009957 0.0007389   0.02592        77       640    0.8273    0.8994    0.8962    0.3726   0.04546   0.02891  0.002919
   478/499     4.47G   0.01588  0.009226 0.0003985   0.02551        78       640    0.8268    0.9083    0.8976    0.3683   0.04453   0.02917  0.003014
   479/499     4.47G   0.01406   0.01045 0.0003778   0.02488        72       640    0.8292    0.9083    0.8981    0.3763   0.04404   0.02933  0.003126
   480/499     4.47G   0.01453  0.009616  0.000372   0.02452        64       640    0.8341    0.9083    0.8982    0.3767   0.04439    0.0296  0.003117
   481/499     4.47G   0.01531   0.01064 0.0004005   0.02635        75       640    0.8502    0.9172    0.8973    0.3743   0.04362   0.03009  0.003063
   482/499     4.47G   0.01575  0.009257 0.0003246   0.02533        63       640    0.8448     0.916    0.8944    0.3757   0.04374   0.02986  0.003102
   483/499     4.47G   0.01484  0.009266  0.000354   0.02446        77       640    0.8558    0.9196    0.9034    0.3775   0.04288   0.02973    0.0031
   484/499     4.47G   0.01509   0.01045 0.0003077   0.02585        76       640    0.8526    0.9058    0.8801    0.3638     0.044   0.02949  0.002811
   485/499     4.47G   0.01548   0.01032 0.0003339   0.02614        72       640    0.8558    0.8969    0.8886    0.3913   0.04223   0.02967  0.002787
   486/499     4.47G   0.01735  0.009874 0.0004115   0.02764        68       640    0.8591    0.8969     0.878    0.3798   0.04354   0.03014   0.00288
   487/499     4.47G   0.01487   0.01088 0.0004457    0.0262        82       640    0.8495    0.8969    0.8745    0.3822   0.04368    0.0306  0.002966
   488/499     4.47G   0.01431   0.01088 0.0003063    0.0255        70       640    0.8591    0.9083    0.8974    0.4005   0.04256   0.03038  0.003011
   489/499     4.47G   0.01731   0.01076 0.0003526   0.02842        69       640    0.8545    0.8921    0.8819    0.3703   0.04545   0.03026  0.003068
   490/499     4.47G   0.01738   0.01106  0.001077   0.02952        56       640    0.8588    0.9009     0.898    0.3953   0.04384   0.02977  0.003049
   491/499     4.47G   0.01401  0.009022 0.0003458   0.02337        60       640    0.8583    0.9022    0.9005     0.394   0.04348    0.0296  0.003073
   492/499     4.47G   0.01413  0.009772 0.0003413   0.02425        58       640    0.8474     0.888    0.8839     0.387   0.04427   0.02977  0.003066
   493/499     4.47G   0.01495  0.009316 0.0003914   0.02466        84       640    0.8331    0.8766    0.8664    0.3921   0.04371   0.03035  0.003051
   494/499     4.47G   0.01731  0.009535 0.0003975   0.02725        62       640    0.8458     0.888    0.8862     0.389   0.04441    0.0307  0.003109
   495/499     4.47G   0.01482  0.009082 0.0005602   0.02447        62       640    0.8385     0.888    0.8872    0.3945   0.04376   0.03073  0.003171
   496/499     4.47G   0.01479      0.01 0.0003849   0.02518        81       640    0.8372    0.8766    0.8688     0.369    0.0451   0.03055  0.003259
   497/499     4.47G   0.01754  0.009977 0.0004325   0.02795        65       640    0.8392     0.888    0.8818    0.3978   0.04295   0.03026  0.003289
   498/499     4.47G   0.01715  0.009899 0.0003443   0.02739        72       640    0.8414     0.888     0.881    0.3856   0.04421   0.03012  0.003294
   499/499     4.47G   0.01546   0.01009 0.0004303   0.02597        63       640     0.851     0.888    0.8776    0.3809   0.04431   0.03025  0.003306
