     0/499     4.51G    0.1248   0.04038   0.02965    0.1948        18       640         0         0 7.835e-05 8.915e-06     0.125   0.03941     0.026
     1/499     4.53G    0.1226   0.03868    0.0285    0.1898        12       640         0         0 0.0001548 2.488e-05    0.1219   0.03683   0.02594
     2/499     4.53G    0.1204   0.03616   0.02864    0.1852        21       640         0         0 0.0004305 5.978e-05    0.1175   0.03505   0.02568
     3/499     4.53G     0.117    0.0369   0.02827    0.1822        21       640         0         0  0.001183 0.0001622    0.1123   0.03395   0.02529
     4/499     4.53G    0.1146   0.03299   0.02669    0.1743        16       640         0         0  0.002123 0.0003462    0.1064   0.03336   0.02483
     5/499     4.53G      0.11   0.03342   0.02573    0.1691        19       640         0         0   0.00331 0.0005285   0.09882   0.03339   0.02445
     6/499     4.53G    0.1058   0.03559   0.02564     0.167        19       640         0         0   0.00471 0.0008199   0.09506    0.0331   0.02422
     7/499     4.53G    0.1013   0.03395   0.02466    0.1599        12       640         0         0  0.006317  0.000964   0.09469   0.03228   0.02372
     8/499     4.53G   0.09725   0.03573   0.02407     0.157        13       640         0         0     0.012  0.001769   0.09337   0.03191   0.02293
     9/499     4.53G   0.09561   0.03764   0.02342    0.1567        24       640         0         0   0.02314  0.005331   0.09166   0.03181   0.02233
    10/499     4.53G   0.08885   0.04127   0.02276    0.1529        18       640         0         0   0.03736  0.006917   0.08805   0.03222   0.02203
    11/499     4.53G   0.08706   0.04133   0.02146    0.1499        23       640         0         0   0.06985   0.01459    0.0842   0.03257   0.02179
    12/499     4.53G   0.08541   0.04128   0.02031     0.147        23       640         0         0   0.09116   0.02646   0.08248   0.03218   0.02158
    13/499     4.53G   0.08316   0.03766   0.01922      0.14        16       640         0         0    0.1154   0.03184   0.08047    0.0319   0.02127
    14/499     4.53G   0.08025    0.0394   0.01813    0.1378        16       640         0         0    0.1539   0.05341   0.07866   0.03151   0.02117
    15/499     4.53G    0.0769   0.04292   0.01738    0.1372        24       640    0.3487    0.1247     0.229   0.06203   0.07502   0.03151   0.02059
    16/499     4.53G   0.07366    0.0367   0.01743    0.1278        13       640    0.2973    0.2776    0.2682   0.07377   0.07155   0.03133   0.01957
    17/499     4.53G   0.06876   0.03852   0.01448    0.1218        19       640    0.2104    0.3514    0.3307    0.1146    0.0685   0.03056   0.01875
    18/499     4.53G   0.06833    0.0368   0.01423    0.1194        15       640     0.152    0.3649    0.3402    0.1624    0.0684   0.02949   0.01776
    19/499     4.53G   0.06687   0.03692   0.01271    0.1165        15       640   0.09381    0.3649    0.3131   0.06941   0.07021    0.0287   0.01743
    20/499     4.53G   0.06562   0.03897   0.01284    0.1174        23       640   0.07509    0.3784    0.3686    0.1743   0.06337   0.02884   0.01673
    21/499     4.53G   0.06462    0.0316   0.01155    0.1078        11       640   0.06404    0.3919    0.3835     0.152   0.06224   0.02806   0.01614
    22/499     4.53G   0.06559   0.03412   0.01126     0.111        14       640     0.561    0.3792    0.4433    0.1778   0.06501   0.02693   0.01502
    23/499     4.53G   0.06464    0.0349   0.01175    0.1113        21       640    0.5662    0.4149    0.5033    0.1806   0.06092   0.02649   0.01458
    24/499     4.53G   0.06137   0.03323   0.01025    0.1049        16       640    0.3565    0.5611    0.4828    0.1767   0.05989   0.02552   0.01433
    25/499     4.53G   0.05992   0.03215  0.008905     0.101        12       640    0.3042    0.6347    0.4391    0.1166   0.06395   0.02487   0.01382
    26/499     4.53G   0.05799    0.0325  0.008645   0.09914        22       640    0.2335    0.6498    0.4506    0.1463   0.06097   0.02414   0.01337
    27/499     4.53G    0.0589   0.03145  0.008767   0.09912        21       640    0.2442    0.7205    0.5043    0.1964   0.05636   0.02449    0.0125
    28/499     4.53G   0.05843   0.02871  0.007773   0.09492        18       640    0.1917    0.6498    0.3918    0.1327   0.06394   0.02338   0.01139
    29/499     4.53G   0.05805   0.02603  0.007894   0.09197        19       640    0.2309    0.7355    0.4878     0.116   0.05936    0.0234    0.0107
    30/499     4.53G   0.05782   0.03043  0.006316   0.09456        18       640    0.2357    0.7784     0.586    0.2076   0.05759   0.02305   0.01036
    31/499     4.53G   0.05767   0.02588  0.007577   0.09113        15       640    0.2417    0.7792    0.5921    0.2107   0.06107   0.02208   0.01019
    32/499     4.53G   0.05764   0.02536  0.006496   0.08949        20       640    0.2808    0.7649    0.6175    0.2021   0.05952   0.02182  0.009723
    33/499     4.53G   0.05706   0.02457  0.006376   0.08801        17       640    0.1328    0.7069    0.2496   0.05304   0.07255   0.02011  0.009409
    34/499     4.53G   0.06465   0.02388  0.006432   0.09496        15       640    0.2027    0.7784    0.4224    0.1122   0.06824   0.02025  0.009243
    35/499     4.53G    0.0663   0.02436  0.005301   0.09596        16       640    0.2457    0.7784    0.6112    0.1756   0.06529   0.01994  0.008901
    36/499     4.53G   0.06855   0.02797  0.005644    0.1022        29       640    0.1793    0.6498    0.2972   0.06867   0.06568   0.02033  0.008745
    37/499     4.53G   0.07456   0.02365  0.004708    0.1029        15       640   0.09936    0.4529    0.1304   0.02048   0.08493   0.01836  0.008706
    38/499     4.53G   0.07087   0.02669  0.005277    0.1028        28       640    0.2398    0.7784    0.4487   0.09761   0.06629   0.01924  0.008823
    39/499     4.53G   0.07087   0.02225  0.005341   0.09846        15       640    0.2347     0.722    0.3841   0.08781   0.06735   0.01959  0.008589
    40/499     4.53G   0.06815   0.02541  0.004953   0.09851        22       640    0.2214    0.6799    0.3516    0.1193   0.06545   0.01951  0.008708
    41/499     4.53G   0.06279    0.0243  0.005736   0.09282        14       640    0.1798    0.6792    0.3412    0.0964   0.07338   0.01833  0.009128
    42/499     4.53G    0.0677   0.02461  0.004729   0.09704        25       640    0.2671    0.6506    0.4445    0.1887   0.06443   0.01905  0.008859
    43/499     4.53G   0.06667   0.02267  0.004335   0.09368        21       640    0.2366    0.7085    0.3798    0.1212   0.05969   0.01916  0.008582
    44/499     4.53G   0.06146   0.02269  0.003712   0.08787        16       640    0.2798    0.7506    0.4742    0.1946   0.06083   0.01894  0.008582
    45/499     4.53G   0.06112   0.02191   0.00455   0.08758        17       640    0.3062    0.7784    0.5684    0.1771   0.06239   0.01877  0.008669
    46/499     4.53G   0.06443   0.02222  0.004352     0.091        21       640    0.2792    0.7506    0.5699    0.1469   0.06997   0.01865  0.008034
    47/499     4.53G   0.06604   0.02121  0.004818   0.09207        20       640    0.2649    0.7228    0.4457   0.09722   0.06013   0.01912  0.008016
    48/499     4.53G    0.0618    0.0223  0.005104   0.08921        16       640    0.2794    0.7784    0.6051    0.2215   0.05702   0.01879  0.008191
    49/499     4.53G   0.06216   0.02233  0.003094   0.08759        23       640    0.2563    0.6784    0.4252    0.1876   0.06139   0.01813  0.008634
    50/499     4.53G   0.06103   0.01985   0.00454   0.08542        14       640    0.2997    0.7498    0.6007    0.1886   0.05565   0.01861  0.008298
    51/499     4.53G   0.05986   0.02205  0.004518   0.08643        26       640     0.292    0.7776    0.5267    0.1535   0.05944   0.01833  0.008075
    52/499     4.53G   0.05826   0.01992  0.003079   0.08126        19       640    0.3072    0.7347    0.4797    0.1239   0.05605   0.01802  0.008323
    53/499     4.53G   0.05793   0.02091  0.003839   0.08269        15       640    0.2344    0.7641    0.5098    0.2053   0.06982   0.01688  0.007379
    54/499     4.53G   0.06933   0.01877  0.003614   0.09171        15       640      0.41    0.7251    0.6569    0.2374   0.05523    0.0181  0.007226
    55/499     4.53G   0.05748   0.01785    0.0028   0.07813        12       640    0.2144    0.7355    0.4735    0.1679   0.06079   0.01746  0.006699
    56/499     4.53G   0.05641   0.02215  0.003796   0.08235        24       640    0.2953    0.7649    0.6682    0.2791   0.05428   0.01822  0.007326
    57/499     4.53G   0.05483   0.02146  0.004096   0.08038        33       640     0.198    0.7506    0.5497    0.1599   0.06587   0.01703  0.007477
    58/499     4.53G   0.05946   0.01768  0.003128   0.08027        16       640    0.3048    0.7649    0.5658    0.2058   0.05896   0.01747  0.007479
    59/499     4.53G   0.06603   0.02036  0.002745   0.08914        27       640    0.2276    0.7649     0.411     0.128   0.06333   0.01739  0.007278
    60/499     4.53G   0.06172   0.02174  0.003349   0.08681        21       640    0.3033    0.7784    0.6258    0.2617   0.05905   0.01825  0.006919
    61/499     4.53G   0.05734   0.02311  0.003969   0.08442        32       640     0.296    0.7784     0.526    0.1777   0.05944   0.01745   0.00732
    62/499     4.53G   0.05581   0.02165  0.003807   0.08126        27       640    0.3084    0.7761     0.526    0.1732   0.05568    0.0176   0.00703
    63/499     4.53G   0.05748   0.01833  0.003262   0.07907        17       640    0.3067    0.7069    0.4829    0.1492   0.06097   0.01696  0.006528
    64/499     4.53G   0.06019   0.01912   0.00278   0.08209        13       640    0.2846    0.7371    0.5778    0.2395   0.05868   0.01734  0.006361
    65/499     4.53G   0.05235   0.02081  0.003943   0.07711        15       640    0.2927     0.722    0.6365    0.2009   0.05944   0.01728  0.006857
    66/499     4.53G   0.05165   0.01928  0.002885   0.07381        26       640    0.4011    0.7919    0.7526    0.3151    0.0509   0.01759  0.006872
    67/499     4.53G   0.05382   0.01933  0.003876   0.07703        12       640    0.2546    0.7633    0.5586    0.2245   0.06675   0.01669  0.006707
    68/499     4.53G    0.0559   0.01874  0.003123   0.07776        20       640    0.3058    0.6656    0.4732    0.2028   0.06385   0.01649   0.00647
    69/499     4.53G   0.05514   0.01943   0.00313    0.0777        18       640    0.2558    0.7784    0.5636    0.1754   0.05707   0.01674  0.007183
    70/499     4.53G   0.05683    0.0168  0.003738   0.07737        14       640    0.4745    0.7649    0.7113    0.2713   0.05236    0.0173  0.007616
    71/499     4.53G   0.05246   0.01894  0.002947   0.07435        21       640    0.4672    0.7602    0.6622    0.2268     0.052   0.01747  0.007807
    72/499     4.53G   0.05251   0.01969  0.003753   0.07595        16       640     0.358    0.7927    0.5877     0.201    0.0515   0.01722  0.007522
    73/499     4.53G   0.05336   0.01812  0.002758   0.07424        21       640    0.3393    0.6927    0.6046    0.1971   0.05684   0.01678  0.007665
    74/499     4.53G   0.05593   0.01876  0.002755   0.07744        18       640    0.4097    0.7506     0.616    0.2809   0.04941   0.01697  0.007656
    75/499     4.53G   0.05076   0.02029   0.00311   0.07416        26       640     0.325    0.7498    0.5791    0.2312   0.05431   0.01685  0.007482
    76/499     4.53G   0.04773   0.01907  0.002514   0.06932        19       640    0.4919    0.7641    0.7323     0.332   0.04926   0.01706  0.007185
    77/499     4.53G   0.05482   0.01743  0.002925   0.07517        15       640    0.3544    0.7498    0.6492    0.2727   0.05816   0.01655  0.007001
    78/499     4.53G   0.05734    0.0189  0.002678   0.07892        24       640    0.3949     0.749    0.5211    0.2095   0.05833   0.01771  0.006613
    79/499     4.53G   0.05028    0.0192  0.002784   0.07227        13       640    0.2812    0.7371    0.4076    0.1904   0.06053   0.01681  0.006295
    80/499     4.53G   0.04862   0.01969  0.003439   0.07175        21       640    0.3922    0.7633     0.616    0.2515   0.05651    0.0172  0.006763
    81/499     4.53G      0.05   0.01934  0.002974   0.07231        26       640     0.378    0.7784    0.6896    0.2972   0.05275   0.01709  0.006892
    82/499     4.53G   0.04475   0.01806  0.002893    0.0657        18       640    0.4657    0.7699    0.7365    0.3621   0.04624   0.01716   0.00672
    83/499     4.53G   0.05274   0.01839   0.00256   0.07369        21       640    0.3629    0.7355    0.5848    0.2239    0.0581   0.01637  0.006779
    84/499     4.53G   0.05246   0.01786  0.002662   0.07297        12       640    0.5285    0.7641     0.747    0.3579    0.0468   0.01706  0.006903
    85/499     4.53G   0.04771   0.01711  0.002711   0.06753        17       640    0.3288    0.7784     0.631     0.242   0.05242   0.01691  0.006595
    86/499     4.53G   0.05547    0.0178   0.00197   0.07524        17       640    0.5203    0.7641    0.6922    0.3148   0.04891   0.01769   0.00645
    87/499     4.53G   0.04599   0.01733  0.002511   0.06583        14       640    0.4312    0.7355    0.6656    0.2847   0.05047   0.01714  0.006572
    88/499     4.53G   0.05131   0.01769   0.00253   0.07153        14       640    0.3923    0.7498    0.6282    0.2768   0.04927   0.01716  0.006291
    89/499     4.53G    0.0473   0.01901  0.002181   0.06849        21       640    0.3159    0.7641    0.4557    0.1718    0.0578    0.0171  0.006334
    90/499     4.53G   0.04921   0.01829  0.002095   0.06959        22       640     0.499    0.7784    0.7142    0.3053   0.05043   0.01745  0.006522
    91/499     4.53G   0.04516   0.01934  0.001954   0.06646        24       640    0.3541    0.7641    0.6468    0.2435   0.05593   0.01696   0.00646
    92/499     4.53G    0.0473    0.0171  0.002282   0.06668        13       640    0.3228    0.7641    0.6495    0.2466   0.05161   0.01714  0.006308
    93/499     4.53G    0.0466   0.01856  0.002106   0.06727        27       640    0.3775    0.7649    0.6512    0.2995   0.05331   0.01675   0.00609
    94/499     4.53G    0.0477    0.0178  0.002708   0.06821        17       640    0.5367    0.7175    0.7075    0.3183   0.05051   0.01761  0.006641
    95/499     4.53G   0.04616   0.01631  0.001898   0.06437        17       640    0.4257    0.7093    0.6283    0.2665   0.05526   0.01808  0.006489
    96/499     4.53G   0.04452   0.02001  0.002588   0.06711        27       640    0.4714    0.7784    0.6678    0.2742    0.0507   0.01789   0.00547
    97/499     4.53G   0.04381    0.0151  0.002348   0.06126        11       640    0.4573    0.7514    0.5658    0.2286    0.0555   0.01726  0.006536
    98/499     4.53G   0.04403   0.01771  0.002235   0.06397        13       640    0.6094    0.7776     0.772    0.3535   0.04572    0.0174  0.006705
    99/499     4.53G   0.04754   0.01548  0.002384    0.0654        13       640    0.5572    0.7212    0.7359    0.3174   0.05034   0.01707   0.00677
   100/499     4.53G   0.04728   0.01586  0.002267   0.06541        18       640    0.5476     0.701    0.6418    0.2916   0.05261   0.01896  0.005632
   101/499     4.53G   0.04963   0.01933  0.002444    0.0714        33       640    0.3579    0.6672    0.4175    0.1406   0.06409   0.01803  0.005506
   102/499     4.53G   0.05369    0.0163  0.002131   0.07212        15       640    0.4168     0.722    0.5915    0.2302   0.05682   0.01864  0.005202
   103/499     4.53G   0.06263   0.01876  0.002676   0.08406        28       640    0.4296    0.7514     0.701    0.2772   0.05199    0.0184  0.006186
   104/499     4.53G   0.04725   0.01593   0.00249   0.06567        14       640    0.4529    0.7521    0.6951    0.2513   0.05532   0.01758  0.006132
   105/499     4.53G   0.04758   0.01812  0.003595   0.06929        16       640    0.3537    0.7927    0.5987    0.2268   0.05235   0.01692   0.00659
   106/499     4.53G   0.05022   0.01521  0.002424   0.06786        14       640    0.5034    0.7784    0.7149    0.3198   0.04952   0.01702  0.006411
   107/499     4.53G   0.04894   0.01828  0.002534   0.06976        19       640    0.2919    0.8062    0.4964    0.1545   0.05674    0.0171  0.006797
   108/499     4.53G    0.0591    0.0163  0.002665   0.07806        17       640    0.3024    0.7656    0.5935    0.2163    0.0541   0.01745  0.006637
   109/499     4.53G   0.04926   0.01856  0.002883   0.07071        15       640    0.4323    0.7514    0.6842    0.2984   0.05498   0.01732  0.007123
   110/499     4.53G   0.05021   0.01633  0.002643   0.06918        17       640    0.3372    0.8062    0.6735    0.2702   0.05242   0.01694  0.007096
   111/499     4.53G   0.05059   0.01599  0.002937   0.06952        13       640    0.2638    0.7919    0.4938    0.1927   0.05597   0.01677  0.007309
   112/499     4.53G   0.04818   0.01508  0.002438    0.0657        17       640    0.4358    0.7486    0.5813    0.2203   0.05229   0.01767  0.007109
   113/499     4.53G   0.04781   0.01658  0.002319   0.06672        16       640    0.4043    0.7633    0.5777    0.2276   0.05352   0.01716  0.007248
   114/499     4.53G   0.05098   0.01691  0.002384   0.07027        20       640    0.3979    0.7927     0.629    0.2081    0.0513   0.01699  0.007073
   115/499     4.53G   0.04663   0.02013  0.002279   0.06904        31       640    0.3853    0.7792    0.5701    0.2689   0.05122   0.01711  0.006737
   116/499     4.53G   0.04948   0.01571   0.00246   0.06764        17       640     0.307    0.7784    0.5821    0.1606   0.05798   0.01669  0.006689
   117/499     4.53G   0.05206    0.0173  0.002566   0.07193        21       640    0.3303    0.7514    0.6336    0.2111   0.05432    0.0167  0.006701
   118/499     4.53G   0.05001   0.01734  0.003637   0.07098        15       640    0.4273    0.7649    0.6685    0.2987   0.04881   0.01718  0.006986
   119/499     4.53G   0.04839   0.01597  0.002383   0.06674        14       640    0.3255    0.7919    0.5467    0.1945   0.05996   0.01666  0.006402
   120/499     4.53G   0.05212    0.0165  0.002363   0.07098        21       640     0.414    0.7649    0.6386    0.2766   0.05379   0.01666  0.006551
   121/499     4.53G   0.04866   0.01542  0.002939   0.06702        13       640    0.5333    0.7506     0.742    0.3093   0.05191   0.01731  0.006385
   122/499     4.53G   0.04751   0.01758   0.00276   0.06785        20       640    0.4216    0.7378    0.5825    0.1934   0.05262   0.01733  0.006624
   123/499     4.53G   0.04454   0.01671  0.002058    0.0633        19       640     0.458    0.7378    0.6823    0.2733    0.0536   0.01693  0.006605
   124/499     4.53G   0.04865    0.0183  0.002066   0.06902        32       640    0.4302    0.6942    0.5065    0.1926   0.05695   0.01702  0.005916
   125/499     4.53G   0.04799   0.01569  0.002134   0.06582        21       640     0.512    0.7077    0.6774    0.2766   0.05346    0.0172  0.005962
   126/499     4.53G    0.0543   0.01655  0.001879   0.07274        20       640     0.377    0.7243    0.4443    0.1347   0.05924   0.01872  0.006585
   127/499     4.53G   0.04825   0.01757  0.002011   0.06783        28       640    0.7074    0.7608    0.7645    0.3275   0.04847   0.01792  0.006318
   128/499     4.53G   0.04938    0.0193  0.002267   0.07095        22       640    0.5609    0.6417    0.6182    0.1843   0.05848   0.01742  0.005919
   129/499     4.53G   0.05054   0.01618  0.002226   0.06894        21       640    0.4235    0.7371    0.6626    0.2787   0.05085   0.01801  0.006103
   130/499     4.53G     0.044   0.01539  0.002419   0.06181        22       640    0.5797    0.7236    0.6662    0.2972   0.04787   0.01975  0.006827
   131/499     4.53G    0.0427   0.01506  0.002516   0.06027        13       640    0.4277    0.6687    0.5079    0.1921   0.05791   0.01915  0.007074
   132/499     4.53G   0.04396   0.01448  0.002598   0.06104        15       640    0.4422    0.7514     0.601     0.268    0.0509   0.01823  0.007298
   133/499     4.53G   0.04335   0.01768  0.002218   0.06324        26       640    0.4858    0.7792    0.6738    0.2985   0.05062   0.01714  0.006318
   134/499     4.53G   0.04459   0.01954  0.002161   0.06629        35       640    0.4581    0.7656    0.6773    0.2735   0.04926   0.01646  0.006493
   135/499     4.53G   0.04581   0.01575   0.00204    0.0636        20       640    0.4334    0.7236    0.6338     0.279   0.04928   0.01726  0.006804
   136/499     4.53G   0.04505   0.01718   0.00195   0.06418        20       640    0.5857    0.7649    0.7423    0.3105   0.04692   0.01739  0.006812
   137/499     4.53G   0.04714   0.01745  0.002413   0.06701        25       640    0.4053    0.7108    0.5244    0.1964   0.06469   0.01703  0.006259
   138/499     4.53G   0.04801   0.01632  0.002404   0.06673        19       640    0.4668    0.7399    0.5941    0.2481   0.05436   0.01848   0.00728
   139/499     4.53G   0.05179   0.01731  0.002335   0.07143        20       640    0.4574    0.7506    0.6907    0.2971   0.05068   0.01844  0.006935
   140/499     4.53G   0.04213   0.01714  0.002737     0.062        25       640     0.448    0.7641    0.6528    0.2548   0.04813   0.01841  0.006935
   141/499     4.53G   0.04485   0.01677  0.002139   0.06376        17       640    0.3917     0.722    0.5381    0.2411   0.05021   0.01797  0.006245
   142/499     4.53G   0.04416   0.01645  0.002448   0.06305        21       640    0.6338    0.7363    0.7174    0.3294   0.04748   0.01793  0.006154
   143/499     4.53G   0.03932   0.01712   0.00251   0.05895        25       640    0.4527    0.7514    0.6927     0.273   0.04878   0.01783  0.006103
   144/499     4.53G   0.03952   0.01651  0.001972   0.05799        22       640    0.3873    0.7514    0.6926    0.2464   0.05275   0.01806  0.006897
   145/499     4.53G   0.04276   0.01477  0.002076    0.0596        18       640    0.6354    0.7792    0.7516    0.2951   0.04749   0.01769  0.006019
   146/499     4.53G   0.04525   0.01653  0.001834   0.06361        18       640     0.365    0.6815    0.5544    0.1923   0.05951   0.01786  0.005361
   147/499     4.53G   0.04682   0.01658  0.001812   0.06521        17       640    0.4103    0.7236    0.6223    0.2159   0.05386   0.01817  0.005192
   148/499     4.53G   0.04904    0.0156  0.001826   0.06646        17       640    0.4117    0.6588    0.5492    0.2631   0.05192   0.01966  0.005505
   149/499     4.53G    0.0436   0.01708  0.001886   0.06256        16       640    0.6339      0.71    0.6913    0.2575   0.05306   0.01791  0.005348
   150/499     4.53G   0.04067   0.01612  0.001894   0.05868        16       640    0.4744    0.7084    0.6034    0.2823   0.05321   0.01832  0.005894
   151/499     4.53G   0.04061    0.0152  0.001556   0.05736        20       640    0.5319    0.7521    0.6873    0.2974   0.04946   0.01836  0.005395
   152/499     4.53G   0.03854     0.016  0.001615   0.05615        19       640    0.4176    0.7583    0.5604    0.2127   0.05088   0.01777  0.005558
   153/499     4.53G    0.0431   0.01498   0.00178   0.05987        15       640    0.3962     0.766    0.6207    0.2531   0.04913   0.01785  0.006732
   154/499     4.53G   0.04385   0.01504  0.001619    0.0605        18       640    0.6792    0.7371    0.7084    0.3195    0.0459   0.01873   0.00622
   155/499     4.53G    0.0445   0.01528  0.001959   0.06174        20       640    0.4812    0.6093    0.5482    0.1697    0.0613   0.01838  0.005853
   156/499     4.53G   0.04637   0.01495  0.001974   0.06329        19       640    0.6281    0.6251    0.6246    0.2286   0.05175   0.01966  0.006166
   157/499     4.53G   0.05027   0.01415  0.001965   0.06639        18       640    0.5434    0.6266    0.5499    0.2196   0.05207   0.02186  0.007141
   158/499     4.53G   0.03876    0.0152  0.001964   0.05593        15       640    0.7602    0.7251    0.7078    0.3271   0.04707    0.0202    0.0065
   159/499     4.53G   0.04143   0.01379  0.003078   0.05829        12       640    0.4777    0.7521    0.7159    0.3155   0.04765   0.01732  0.006825
   160/499     4.53G   0.03539   0.01403   0.00177   0.05119        12       640    0.7126    0.7792    0.7547    0.3365   0.04827   0.01705  0.005721
   161/499     4.53G    0.0429   0.01502  0.002145   0.06006        14       640    0.5317    0.7641     0.713     0.251   0.05081   0.01693  0.005583
   162/499     4.53G   0.05031   0.01578  0.001658   0.06775        16       640    0.4323     0.668    0.6377    0.3035   0.05148   0.01838  0.006365
   163/499     4.53G   0.03823    0.0154  0.001977   0.05561        19       640    0.6261    0.7251    0.7252    0.3374    0.0496   0.01802  0.005395
   164/499     4.53G   0.03404   0.01394  0.001749   0.04973        17       640    0.5449    0.7251    0.7261    0.2967    0.0518   0.01713  0.004905
   165/499     4.53G   0.03599   0.01531  0.001618   0.05292        19       640    0.4752    0.7378    0.6949     0.334   0.05054   0.01696  0.005504
   166/499     4.53G    0.0387   0.01539  0.001669   0.05577        20       640    0.4718    0.7378    0.7178    0.3247   0.05126   0.01695  0.005665
   167/499     4.53G   0.03475   0.01462   0.00226   0.05163        23       640    0.6734    0.7243    0.7238    0.3321   0.04794   0.01698   0.00577
   168/499     4.53G   0.03046   0.01485   0.00159    0.0469        16       640    0.5061    0.6386     0.632    0.2436   0.05604   0.01688  0.005855
   169/499     4.53G   0.04969   0.01487   0.00205    0.0666        20       640    0.3326    0.5934    0.4342    0.1634    0.0668   0.01665  0.006475
   170/499     4.53G   0.06864   0.01685  0.002008    0.0875        25       640    0.3145    0.5434    0.4277    0.1504   0.06678   0.01697    0.0066
   171/499     4.53G   0.05327   0.01794  0.002654   0.07386        20       640    0.3813    0.5942    0.4675    0.1839   0.06467   0.01889  0.007083
   172/499     4.53G   0.04882   0.01846   0.00279   0.07006        17       640    0.5079    0.6514    0.6818    0.2918   0.05656   0.01944  0.007579
   173/499     4.53G   0.04683   0.01865  0.002095   0.06758        20       640    0.3894    0.6369    0.5936    0.1928   0.05626    0.0199  0.007111
   174/499     4.53G   0.04589   0.01666  0.001915   0.06446        24       640    0.4325    0.7077    0.6181    0.2512    0.0508   0.01899  0.006584
   175/499     4.53G   0.03826   0.01569  0.001977   0.05593        14       640    0.5022    0.7363    0.6854    0.2592   0.05075   0.01878  0.006292
   176/499     4.53G   0.03443    0.0168  0.002363    0.0536        18       640    0.3907    0.7506    0.6863    0.2821   0.05361    0.0178  0.005247
   177/499     4.53G   0.04058   0.01528  0.001644    0.0575        16       640    0.3687    0.7363    0.6043    0.1732   0.05362   0.01772  0.005318
   178/499     4.53G   0.04546   0.01539  0.001658    0.0625        27       640     0.429    0.7228    0.6905    0.2952   0.04995    0.0174  0.005481
   179/499     4.53G   0.03631   0.01541  0.001428   0.05314        20       640    0.6133    0.7378    0.7456    0.3714    0.0463   0.01743  0.005642
   180/499     4.53G   0.03343   0.01335  0.001489   0.04827        14       640    0.4975    0.7355     0.699    0.3149   0.05131   0.01744  0.005801
   181/499     4.53G   0.04562   0.01648  0.001356   0.06345        21       640    0.4637    0.6784    0.5826    0.2334   0.05451   0.01757  0.006482
   182/499     4.53G   0.05596   0.01492  0.001486   0.07237        16       640    0.6823    0.6632     0.672     0.343   0.05073    0.0177  0.007915
   183/499     4.53G   0.04353    0.0154   0.00218   0.06112        16       640      0.78    0.6792    0.6994    0.3649   0.04677    0.0187  0.008673
   184/499     4.53G   0.04034   0.01684  0.002249   0.05942        21       640    0.6946    0.7212    0.6618    0.2962   0.04741   0.01886  0.007235
   185/499     4.53G   0.04279   0.01834  0.002204   0.06334        25       640    0.4416    0.7363     0.675    0.2618   0.05966    0.0188  0.006007
   186/499     4.53G   0.05082   0.01664  0.002006   0.06947        15       640    0.4916    0.7641    0.6798    0.3217   0.05206   0.01901  0.005515
   187/499     4.53G   0.03942   0.01638   0.00201   0.05781        17       640    0.4861    0.7927    0.7417    0.3191   0.05058   0.01873  0.005543
   188/499     4.53G   0.03797   0.01514  0.002092    0.0552        18       640    0.6493    0.7641     0.746    0.3354   0.04579   0.01854  0.005587
   189/499     4.53G    0.0394   0.01537  0.001718   0.05648        12       640    0.3409    0.7212    0.4323    0.1425   0.06404   0.01806  0.005624
   190/499     4.53G   0.04843   0.01452  0.001571   0.06451        17       640    0.5118    0.7792    0.6752    0.2961   0.04838   0.01793  0.005918
   191/499     4.53G   0.03689   0.01554  0.001504   0.05393        24       640    0.6277    0.7792    0.7563    0.3468    0.0475   0.01764  0.005858
   192/499     4.53G   0.03485   0.01358  0.002009   0.05044        16       640    0.5643     0.767    0.7663    0.3727   0.04886   0.01762  0.005718
   193/499     4.53G   0.03783   0.01435  0.001566   0.05374        11       640    0.3859    0.7521    0.6896    0.2824   0.05337   0.01849  0.004384
   194/499     4.53G    0.0434   0.01435  0.001543    0.0593        14       640    0.4158    0.7495    0.6899    0.2595   0.05408    0.0187  0.004247
   195/499     4.53G   0.03297   0.01508  0.001657    0.0497        16       640    0.6087    0.7521    0.7091    0.3092   0.05011   0.01856  0.004224
   196/499     4.53G   0.03199   0.01576  0.001497   0.04925        16       640    0.4502    0.7514    0.6672     0.295   0.04974   0.01844  0.004285
   197/499     4.53G   0.04123    0.0143  0.001735   0.05727        14       640    0.4143     0.695    0.5031    0.1551   0.05953   0.01826  0.005075
   198/499     4.53G   0.04371   0.01522  0.001633   0.06056        22       640    0.5781    0.7656     0.699    0.2998   0.04704   0.01788   0.00587
   199/499     4.53G   0.03638   0.01507  0.001659   0.05311        17       640    0.5842    0.7371    0.6789    0.2739   0.04803   0.01815  0.005904
   200/499     4.53G   0.03255   0.01574  0.001775   0.05006        19       640    0.5633    0.7251    0.6706    0.2795   0.04886   0.02004  0.004837
   201/499     4.53G   0.03784   0.01521    0.0016   0.05465        27       640    0.3702    0.5996    0.4779    0.1509    0.0593   0.02211  0.004422
   202/499     4.53G    0.0406   0.01508  0.001411    0.0571        14       640      0.51    0.6727    0.6138    0.2694    0.0498   0.02142  0.004591
   203/499     4.53G   0.03269   0.01517   0.00146   0.04932        21       640    0.4934    0.6425    0.6094    0.2706   0.05189   0.02089  0.004706
   204/499     4.53G   0.02996   0.01455  0.001451   0.04596        16       640    0.5391    0.7506    0.6983    0.3103   0.04795   0.01848  0.004916
   205/499     4.53G   0.03759   0.01346  0.001367   0.05243        14       640    0.4186     0.668    0.5157    0.1897   0.06053   0.01801  0.004542
   206/499     4.53G   0.04808   0.01422  0.001175   0.06347        16       640    0.5361    0.7784    0.6711    0.3342   0.04785   0.01782  0.005216
   207/499     4.53G   0.03683   0.01399    0.0015   0.05232        23       640    0.5367    0.7656    0.6621    0.3287   0.04746   0.01844  0.005138
   208/499     4.53G   0.03309   0.01438  0.001516   0.04899        13       640    0.7814    0.7656    0.7863    0.3707   0.04438   0.01822  0.005753
   209/499     4.53G   0.03365   0.01456  0.001343   0.04954        15       640    0.5262    0.7236    0.7275    0.3059   0.05032   0.01819  0.005121
   210/499     4.53G   0.04156   0.01402  0.001574   0.05715        17       640    0.6887    0.7514    0.7595    0.3227   0.04683   0.01869  0.004977
   211/499     4.53G   0.03017   0.01406  0.001498   0.04574        15       640    0.6844    0.7378    0.7355    0.3451   0.04589   0.01896  0.004589
   212/499     4.53G   0.02833   0.01185  0.001581   0.04175        16       640    0.6614    0.7371    0.7432    0.3422   0.04634   0.01748   0.00556
   213/499     4.53G   0.03334   0.01339  0.001587   0.04831        20       640    0.5964    0.7792    0.7744    0.3602   0.04695   0.01793  0.005035
   214/499     4.53G   0.03706   0.01529  0.001313   0.05367        24       640    0.6942    0.7514    0.7574    0.3804   0.04434   0.01839   0.00558
   215/499     4.53G   0.02826   0.01369  0.001443    0.0434        19       640    0.6634    0.7378    0.6975    0.3245   0.04588   0.01869  0.005703
   216/499     4.53G    0.0281   0.01429  0.001133   0.04352        20       640    0.6104    0.7378    0.6788    0.3433   0.04422   0.01866  0.005431
   217/499     4.53G   0.03181   0.01299  0.001222   0.04602        17       640    0.4802    0.7656    0.6858    0.2563   0.05057   0.01835   0.00528
   218/499     4.53G   0.03677   0.01412  0.001424   0.05231        22       640    0.6455    0.7371    0.7234    0.3311   0.04623    0.0183  0.004667
   219/499     4.53G   0.02908   0.01325  0.001246   0.04358        22       640    0.6705    0.7656    0.7535    0.3439   0.04532   0.01805   0.00394
   220/499     4.53G   0.02827   0.01284  0.001244   0.04235        16       640    0.4553      0.71    0.6861    0.3039   0.04866   0.01822  0.003919
   221/499     4.53G   0.03805   0.01358  0.001109   0.05273        19       640    0.4646     0.668    0.6106    0.1682   0.06132   0.01967   0.00422
   222/499     4.53G   0.04464   0.01405  0.001214    0.0599        23       640    0.6408      0.71    0.6711    0.3175    0.0463   0.01879  0.005089
   223/499     4.53G   0.03294   0.01353  0.001461   0.04793        21       640    0.6658    0.6965    0.6866    0.3314   0.04579   0.01909  0.005025
   224/499     4.53G   0.02947   0.01208  0.001464   0.04301        12       640    0.8103    0.7236    0.7409    0.3287   0.04582   0.01939  0.005954
   225/499     4.53G   0.02911   0.01323  0.001424   0.04376        15       640    0.7224    0.7389    0.7829    0.3036   0.04909   0.01786  0.006518
   226/499     4.53G   0.03672   0.01326  0.001273   0.05124        13       640    0.7559    0.7743    0.7732    0.3621   0.04347   0.01815  0.006002
   227/499     4.53G   0.02964   0.01205  0.001223   0.04291        18       640    0.6144      0.71    0.7061     0.325    0.0461   0.01855  0.005571
   228/499     4.53G   0.02687   0.01293  0.001193   0.04099        16       640     0.645    0.7799    0.7694    0.3281   0.04836     0.018  0.006553
   229/499     4.53G   0.03729   0.01346  0.001333   0.05208        15       640    0.6095    0.7645    0.7329    0.2886   0.04946   0.01844   0.00585
   230/499     4.53G   0.03926   0.01229  0.001296   0.05285        13       640    0.7086    0.7521    0.7243    0.3076   0.04602   0.01863  0.005794
   231/499     4.53G   0.02658    0.0142  0.001325    0.0421        17       640    0.7114    0.7777    0.7753    0.3324   0.04562   0.01813  0.005429
   232/499     4.53G   0.02561   0.01328  0.001226   0.04012        22       640     0.661    0.7506    0.6873    0.3083   0.04546   0.01847  0.004724
   233/499     4.53G   0.03327   0.01325  0.001065   0.04759        22       640    0.5608    0.7228    0.7243      0.26   0.05201   0.01742  0.005216
   234/499     4.53G    0.0359   0.01488   0.00112   0.05189        24       640    0.7364    0.7242    0.7336    0.3527   0.04362   0.01825  0.005854
   235/499     4.53G   0.02787   0.01592  0.001764   0.04555        30       640    0.7684    0.7243    0.7128    0.3152   0.04583   0.01932  0.005587
   236/499     4.53G   0.02371   0.01149   0.00113   0.03633        12       640    0.6863      0.71     0.704    0.2726   0.05082    0.0187  0.006277
   237/499     4.53G   0.03288   0.01279  0.001016   0.04669        18       640    0.6338    0.7506    0.7465    0.3128   0.04693   0.01788  0.006572
   238/499     4.53G   0.04107   0.01446  0.001073   0.05661        21       640    0.6677    0.7514    0.7401    0.3059   0.04812   0.01825  0.005623
   239/499     4.53G   0.02689   0.01394   0.00119   0.04203        27       640    0.6135      0.71    0.6955    0.3212   0.04935   0.01861  0.005288
   240/499     4.53G   0.02748   0.01331  0.001251   0.04204        25       640    0.6296    0.7108    0.6853    0.3111   0.04975   0.01919  0.005282
   241/499     4.53G   0.03185   0.01348  0.001218   0.04655        17       640    0.5313    0.6425     0.607    0.2546   0.05569   0.01943   0.00534
   242/499     4.53G   0.03872    0.0147  0.001111   0.05454        20       640     0.592    0.7037    0.6832    0.2901   0.04931   0.01877  0.005374
   243/499     4.53G   0.02779   0.01277  0.001142   0.04169        19       640    0.6396    0.7514    0.7354    0.3263   0.04685   0.01845   0.00569
   244/499     4.53G   0.02596   0.01401  0.001213   0.04118        18       640    0.7471    0.7799    0.7745    0.3563   0.04558   0.01785  0.005583
   245/499     4.53G   0.03039   0.01287  0.001085   0.04434        13       640    0.6602    0.7371    0.7349    0.3076   0.04603   0.01792  0.006329
   246/499     4.53G   0.03186   0.01306  0.001093   0.04602        10       640    0.7299    0.7251    0.7233    0.3104   0.04661   0.01896  0.005552
   247/499     4.53G   0.02748   0.01211  0.001462   0.04105        17       640    0.7544    0.7251    0.7274    0.2956   0.04834   0.01967  0.005262
   248/499     4.53G   0.02504   0.01352  0.001173   0.03974        19       640      0.79    0.7378    0.7471    0.2833   0.04922   0.01884  0.005354
   249/499     4.53G   0.02837    0.0137  0.001097   0.04317        16       640    0.7503    0.7521    0.7446    0.3087   0.04844   0.01851  0.005858
   250/499     4.53G   0.03224   0.01192  0.001701   0.04586        10       640    0.6518    0.7378    0.7555    0.3059   0.04891   0.01775  0.005795
   251/499     4.53G   0.02527   0.01123  0.001438   0.03794        13       640    0.7002    0.7521    0.7658    0.3454   0.04514   0.01746  0.005487
   252/499     4.53G   0.02483   0.01221 0.0009577   0.03799        21       640    0.7465    0.7799    0.8112    0.3721   0.04448   0.01723  0.005102
   253/499     4.53G   0.02953   0.01178  0.001438   0.04275        15       640    0.6948    0.7784     0.774    0.3177   0.04773   0.01734  0.005354
   254/499     4.53G   0.03104   0.01321  0.001104   0.04536        23       640    0.7257    0.7371    0.7353    0.3555   0.04419   0.01822  0.004419
   255/499     4.53G   0.02463  0.009296  0.001306   0.03523        14       640    0.7117    0.7514    0.7473    0.3171   0.04698   0.01864  0.004164
   256/499     4.53G   0.02391   0.01258  0.001044   0.03753        18       640    0.7527    0.7641    0.7777    0.3805   0.04199   0.01759  0.005793
   257/499     4.53G   0.03137    0.0135  0.001109   0.04597        19       640    0.7194    0.7228    0.7156    0.2711    0.0503   0.01882  0.005839
   258/499     4.53G   0.03212   0.01218  0.001072   0.04538        13       640    0.7726    0.7649    0.7704    0.3638    0.0428   0.01882  0.006165
   259/499     4.53G   0.02656    0.0122   0.00107   0.03983        20       640    0.7189    0.7243    0.7182    0.3343   0.04513    0.0196  0.005514
   260/499     4.53G   0.02305   0.01235  0.001019   0.03642        19       640    0.7275    0.7196    0.7135    0.3273   0.04567   0.01942  0.005241
   261/499     4.53G   0.03244   0.01274  0.001281   0.04646        16       640    0.5068    0.5864    0.5939    0.2229   0.05696   0.01929  0.004853
   262/499     4.53G   0.03633   0.01249 0.0009174   0.04973        18       640    0.6962    0.7386    0.7465    0.3428   0.04657   0.01916  0.004769
   263/499     4.53G   0.02534   0.01267  0.001186    0.0392        28       640    0.7223    0.7517     0.731    0.3515   0.04502   0.01904  0.004703
   264/499     4.53G    0.0235   0.01342 0.0009661   0.03788        25       640    0.6828    0.7243    0.7041    0.3025   0.04815   0.01885  0.004782
   265/499     4.53G   0.02803   0.01317 0.0009991    0.0422        28       640    0.6809    0.7656    0.7362    0.3344   0.04656   0.01844  0.005346
   266/499     4.53G   0.03179   0.01292 0.0009328   0.04564        13       640    0.6837      0.71    0.6997     0.307   0.04881   0.01883  0.005921
   267/499     4.53G   0.02447   0.01121  0.000946   0.03663        18       640    0.7012    0.6965    0.6918    0.3006   0.04866    0.0195  0.006286
   268/499     4.53G   0.02531   0.01369  0.001156   0.04015        25       640    0.6905    0.6822    0.6656    0.2598   0.05165   0.02078   0.00638
   269/499     4.53G   0.02793   0.01476 0.0009983   0.04369        29       640    0.7123    0.7243    0.6945    0.2626   0.05178   0.01998  0.005965
   270/499     4.53G   0.03018   0.01254 0.0009158   0.04363        24       640    0.7153    0.7108    0.6817    0.2966    0.0493   0.01973  0.005688
   271/499     4.53G    0.0223   0.01335 0.0008997   0.03655        25       640    0.6787      0.71    0.6831    0.2997   0.04854   0.01924  0.005917
   272/499     4.53G   0.02492   0.01161  0.001042   0.03757        12       640     0.723    0.7243    0.7175     0.331   0.04547   0.01883  0.006444
   273/499     4.53G   0.02867   0.01266 0.0009623    0.0423        25       640    0.6193    0.6386     0.654    0.2463    0.0521   0.01883  0.006561
   274/499     4.53G   0.03199   0.01141  0.000932   0.04433        13       640    0.6768    0.7446    0.7565    0.3297   0.04561   0.01858  0.006201
   275/499     4.53G   0.02372   0.01169 0.0009785   0.03638        24       640    0.7381    0.7378    0.7642    0.3494   0.04469   0.01849   0.00548
   276/499     4.53G   0.02311   0.01102   0.00095   0.03509        11       640    0.7728    0.7378    0.7817    0.3309   0.04655   0.01847  0.004912
   277/499     4.53G   0.02625   0.01238 0.0008676   0.03949        18       640    0.7368    0.7084    0.7576    0.3374   0.04675   0.01858  0.004729
   278/499     4.53G   0.02904   0.01124 0.0009488   0.04122        13       640     0.788    0.7942    0.8262     0.368   0.04552   0.01786  0.004659
   279/499     4.53G    0.0237    0.0116 0.0009411   0.03624        15       640    0.7718    0.7942    0.8293    0.3729   0.04437   0.01759  0.004715
   280/499     4.53G   0.02184   0.01165 0.0009938   0.03449        17       640    0.7495    0.7942    0.8268    0.3783   0.04367    0.0175  0.004704
   281/499     4.53G   0.02568   0.01146 0.0007971   0.03794        15       640     0.698    0.7521    0.7883     0.355   0.04651   0.01818  0.004339
   282/499     4.53G   0.02917   0.01209 0.0008454    0.0421        14       640     0.711    0.7519    0.7888    0.3416   0.04659   0.01812  0.004614
   283/499     4.53G   0.02361   0.01194 0.0008629   0.03641        22       640    0.7108    0.7378    0.7667    0.3576   0.04413    0.0182  0.004692
   284/499     4.53G   0.02259   0.01121 0.0008846   0.03468        16       640     0.737    0.7378    0.7611    0.3392   0.04672   0.01804  0.004866
   285/499     4.53G   0.02789   0.01235 0.0009561   0.04119        24       640    0.6962     0.722    0.7386    0.3396   0.04391    0.0174  0.005173
   286/499     4.53G   0.03375   0.01252 0.0009563   0.04723        17       640    0.6787    0.7521    0.7899    0.3197   0.04435   0.01811   0.00577
   287/499     4.53G   0.02556   0.01339 0.0009485    0.0399        17       640     0.752    0.7521    0.7835    0.3451   0.04413   0.01892  0.005875
   288/499     4.53G   0.02139   0.01336  0.001133   0.03588        27       640      0.75    0.7378    0.7858    0.3754   0.04246   0.01816  0.005976
   289/499     4.53G   0.02389   0.01012 0.0009141   0.03492        11       640    0.7498    0.7785    0.7855    0.3275   0.04668   0.01809  0.004919
   290/499     4.53G    0.0283    0.0122  0.001026   0.04154        15       640    0.7328    0.7357    0.7233     0.337   0.04541   0.01903  0.004009
   291/499     4.53G   0.02221   0.01211 0.0008174   0.03513        19       640    0.6644    0.7386    0.7295    0.3111   0.04739   0.01997  0.004203
   292/499     4.53G   0.02199   0.01386 0.0008236   0.03667        24       640    0.6896     0.754    0.7658    0.3397    0.0455   0.01864  0.004016
   293/499     4.53G    0.0242   0.01082 0.0009045   0.03593        19       640     0.713    0.7656    0.8054    0.3119   0.04798   0.01845  0.004371
   294/499     4.53G   0.02924   0.01219 0.0009223   0.04236        16       640    0.7397    0.7792      0.82    0.3581   0.04397   0.01797  0.004809
   295/499     4.53G   0.02155   0.01193 0.0007685   0.03425        21       640    0.7599    0.8212    0.8379    0.3644   0.04369   0.01801  0.004736
   296/499     4.53G   0.02094    0.0113 0.0009036   0.03314        21       640    0.7386    0.8077    0.8111    0.3522   0.04364   0.01874  0.004757
   297/499     4.53G   0.02415   0.01267  0.000799   0.03762        30       640    0.7117    0.7799     0.783     0.319   0.04732   0.01874  0.005025
   298/499     4.53G   0.03009   0.01106 0.0008757   0.04202        15       640    0.7035    0.8077    0.8198    0.3664   0.04288   0.01795  0.004825
   299/499     4.53G   0.02456   0.01149 0.0007772   0.03682        21       640    0.7482    0.8077    0.8242    0.3871    0.0429   0.01779  0.004787
   300/499     4.53G    0.0208   0.01074 0.0007518   0.03229        18       640    0.7638    0.8069    0.8509      0.38   0.04309   0.01768  0.004653
   301/499     4.53G   0.02796   0.01372 0.0007002   0.04238        23       640    0.6856    0.7506    0.7945    0.2947   0.04804   0.01834  0.004281
   302/499     4.53G   0.03035   0.01204 0.0008138    0.0432        13       640    0.7543    0.7775     0.797     0.369   0.04406   0.01828  0.004562
   303/499     4.53G   0.02264   0.01253 0.0009202   0.03609        21       640    0.7068    0.7514    0.7883    0.3684   0.04486   0.01893  0.004661
   304/499     4.53G   0.02155  0.009746 0.0009343   0.03223        12       640    0.7375    0.7386    0.7941    0.3785   0.04307    0.0188   0.00487
   305/499     4.53G    0.0238   0.01071 0.0008841    0.0354        16       640    0.6916    0.7521    0.7757    0.3237   0.04669   0.01852  0.005035
   306/499     4.53G   0.02713   0.01224 0.0008124   0.04018        24       640    0.6791    0.7554    0.7613    0.3813   0.04081    0.0178  0.005315
   307/499     4.53G   0.02284    0.0122 0.0009394   0.03597        22       640    0.7351    0.7664    0.8182    0.3974   0.04087   0.01788  0.005723
   308/499     4.53G   0.02004     0.011 0.0006828   0.03172        17       640    0.7423    0.7792    0.8171    0.3705   0.04461   0.01797  0.006621
   309/499     4.53G    0.0255   0.01114 0.0007712   0.03741        17       640    0.7264    0.7749    0.8163     0.343   0.04559   0.01832  0.006593
   310/499     4.53G   0.02911   0.01224 0.0007701   0.04213        20       640    0.7178    0.7799    0.7914    0.3515   0.04425   0.01853  0.006148
   311/499     4.53G   0.02093   0.01071   0.00079   0.03243        18       640    0.7213    0.7645    0.7916    0.3692   0.04434   0.01884  0.005556
   312/499     4.53G    0.0222   0.01129  0.001104    0.0346        23       640    0.7201    0.7514    0.7948    0.3729   0.04611   0.01792  0.005486
   313/499     4.53G   0.02544   0.01122 0.0009137   0.03757        17       640    0.7288    0.7733    0.8177    0.3984   0.04194   0.01732   0.00553
   314/499     4.53G   0.02613   0.01169 0.0008737   0.03869        24       640    0.7664    0.7792     0.823    0.3656   0.04573   0.01767  0.005398
   315/499     4.53G   0.02061   0.01114 0.0008868   0.03264        23       640      0.75    0.7792    0.8015    0.3853   0.04384   0.01799  0.005347
   316/499     4.53G   0.02022   0.01036 0.0008565   0.03144        14       640    0.7488    0.7799    0.8175    0.3741   0.04462    0.0183    0.0054
   317/499     4.53G   0.02195     0.011  0.000787   0.03374        18       640    0.6981     0.795     0.821    0.3656   0.04417   0.01827  0.005502
   318/499     4.53G   0.02315   0.01113 0.0007091   0.03499        14       640    0.6742    0.7942    0.7824    0.3317    0.0456    0.0187  0.005333
   319/499     4.53G     0.021   0.01028 0.0007417   0.03203        15       640    0.6772    0.7807    0.7629    0.3392   0.04467   0.01906  0.005398
   320/499     4.53G   0.02187    0.0102 0.0006748   0.03275        14       640    0.6885    0.7529    0.7809    0.3507     0.045     0.019  0.005924
   321/499     4.53G   0.02107   0.01224 0.0006354   0.03395        19       640     0.686    0.7529    0.7811     0.354   0.04655   0.01908  0.005611
   322/499     4.53G   0.02425   0.01171 0.0007223   0.03668        25       640     0.691    0.7529     0.797    0.3922   0.04385   0.01882  0.005494
   323/499     4.53G   0.02019  0.009617 0.0006627   0.03047        14       640    0.6728    0.7664    0.8123    0.3773   0.04386   0.01859  0.005065
   324/499     4.53G   0.01845  0.009907 0.0006138   0.02897        17       640    0.6852    0.7633    0.7918    0.3418   0.04664   0.01945  0.004511
   325/499     4.53G   0.01998   0.01104 0.0006075   0.03163        21       640    0.6427      0.71    0.7216    0.3214   0.04627   0.02004  0.004379
   326/499     4.53G   0.02262   0.01008 0.0006011    0.0333        14       640    0.6733    0.7386    0.7394    0.3043   0.04699   0.02035   0.00456
   327/499     4.53G   0.02087   0.01042 0.0005693   0.03186        19       640    0.6531    0.7243    0.7188    0.3033   0.04832   0.02042  0.004661
   328/499     4.53G   0.01896   0.01135  0.000762   0.03107        14       640    0.7244    0.7514    0.7743    0.3712   0.04346    0.0197  0.005452
   329/499     4.53G   0.02662   0.01127 0.0006414   0.03853        22       640    0.6039    0.6386    0.6515    0.2129   0.05542   0.02073  0.005527
   330/499     4.53G   0.03169   0.01142 0.0005904    0.0437        20       640    0.7101      0.71    0.7126    0.3077   0.04759    0.0205  0.006139
   331/499     4.53G   0.02159   0.01109 0.0006503   0.03334        23       640    0.7337    0.7243    0.7184    0.3266   0.04532   0.02029  0.006493
   332/499     4.53G   0.02052   0.00967 0.0006405   0.03083        15       640    0.7539    0.7769    0.7961    0.3526   0.04569   0.01946  0.006538
   333/499     4.53G   0.01956  0.009547 0.0006292   0.02974        13       640     0.737    0.7514     0.797    0.3725   0.04287   0.01922   0.00614
   334/499     4.53G   0.02304   0.01026  0.001012   0.03432        13       640    0.7314    0.7514    0.7833    0.3402   0.04596   0.01949  0.005539
   335/499     4.53G   0.02005   0.01072 0.0006518   0.03142        18       640     0.717    0.7656    0.7979    0.3606   0.04508   0.01953  0.005207
   336/499     4.53G   0.01774  0.009483 0.0005864   0.02781        19       640    0.7061    0.7649    0.7904    0.3543   0.04606    0.0193  0.005196
   337/499     4.53G   0.02235   0.01166  0.000887    0.0349        20       640    0.7355    0.7792    0.8213    0.3581   0.04478   0.01917   0.00518
   338/499     4.53G   0.02482   0.01035 0.0007285   0.03589        10       640    0.7332    0.7649    0.7972    0.3637   0.04487   0.01897  0.005217
   339/499     4.53G   0.02018  0.009001 0.0005712   0.02975        14       640    0.7283    0.7649    0.8121    0.3947   0.04239   0.01848  0.005156
   340/499     4.53G   0.02028   0.01171 0.0006773   0.03267        22       640    0.7558    0.7792     0.816    0.3854   0.04402   0.01785  0.005247
   341/499     4.53G   0.02033  0.009329 0.0005909   0.03025         9       640    0.7703    0.8293    0.8591    0.4085   0.04243   0.01786  0.005225
   342/499     4.53G   0.02438   0.01214 0.0008326   0.03735        21       640    0.6752    0.7506    0.7894    0.3448   0.04653   0.01867  0.004845
   343/499     4.53G    0.0205   0.01028  0.000694   0.03148        15       640    0.6908    0.7597    0.8047    0.3528   0.04471   0.01851  0.004946
   344/499     4.53G   0.01983   0.01181 0.0006201   0.03226        25       640    0.6738    0.7521     0.769    0.3483   0.04509   0.01839  0.005206
   345/499     4.53G   0.02241    0.0115 0.0006305   0.03454        20       640    0.6957    0.7243    0.7592    0.3542   0.04381   0.01853  0.005489
   346/499     4.53G   0.02403   0.01104 0.0006134   0.03568        20       640    0.7172    0.7243    0.7261    0.3548   0.04409   0.01857  0.006189
   347/499     4.53G   0.01929   0.01038 0.0006557   0.03033        19       640     0.668      0.71    0.7299    0.3612   0.04384   0.01817  0.006197
   348/499     4.53G   0.01709   0.01108 0.0007042   0.02888        22       640    0.6773    0.7243    0.7442    0.3565   0.04545   0.01817  0.005896
   349/499     4.53G    0.0187   0.00954 0.0007053   0.02895        12       640    0.6388    0.7243    0.7662    0.3738   0.04359   0.01824  0.005133
   350/499     4.53G    0.0209   0.01179 0.0006201   0.03331        21       640    0.6731    0.7325      0.76    0.3296   0.04661   0.01858  0.004655
   351/499     4.53G   0.01921   0.01105 0.0007151   0.03098        28       640    0.7248    0.7799    0.8026    0.3535   0.04527   0.01845  0.004485
   352/499     4.53G   0.01678    0.0073 0.0005966   0.02468        13       640    0.7254    0.7799    0.7954    0.3642   0.04472   0.01845  0.004263
   353/499     4.53G   0.02099   0.01037 0.0006564   0.03202        18       640    0.7284    0.7661    0.7783    0.3327    0.0479   0.01882  0.004285
   354/499     4.53G   0.02239   0.01218 0.0006977   0.03527        22       640    0.6547    0.7243    0.7147    0.3467   0.04576   0.01917  0.004247
   355/499     4.53G   0.01916   0.01066 0.0005606   0.03038        17       640    0.6787    0.7386     0.717    0.3189   0.04835    0.0201   0.00427
   356/499     4.53G   0.01792   0.01091 0.0006754    0.0295        29       640    0.7012    0.7386    0.7601    0.3415   0.04604    0.0193  0.004077
   357/499     4.53G   0.02105   0.01089 0.0008281   0.03277        17       640     0.699    0.7656    0.8056    0.3641   0.04594   0.01853  0.004447
   358/499     4.53G   0.02303   0.01171   0.00071   0.03545        22       640     0.669    0.7664    0.7988    0.3763   0.04375    0.0187   0.00452
   359/499     4.53G    0.0173   0.01049 0.0005505   0.02834        21       640    0.7159    0.7656    0.7949    0.3587    0.0457   0.01934  0.004801
   360/499     4.53G   0.01734   0.01006 0.0006088     0.028        13       640    0.7093    0.7382    0.7622    0.3483   0.04453   0.01968  0.004756
   361/499     4.53G   0.02097   0.01127 0.0007333   0.03298        29       640    0.6808    0.7386    0.7978    0.3416   0.04636   0.01948  0.004779
   362/499     4.53G   0.02182   0.01077  0.000736   0.03333        21       640    0.6961    0.7521    0.8018    0.3798   0.04348   0.01914  0.005024
   363/499     4.53G   0.01848    0.0089 0.0007611   0.02814        12       640    0.6727    0.7482    0.8018    0.3824   0.04357   0.01917  0.004791
   364/499     4.53G   0.01707   0.01034 0.0005802   0.02799        26       640    0.6884    0.7521    0.7935    0.3702   0.04325   0.01944  0.004826
   365/499     4.53G    0.0201   0.01085 0.0005709   0.03152        20       640    0.7225    0.7521    0.8012    0.3161   0.04715   0.01988  0.005011
   366/499     4.53G   0.02354   0.01089 0.0005686     0.035        19       640    0.7391    0.7838    0.8117    0.3718   0.04287   0.01973  0.005498
   367/499     4.53G    0.0193   0.01052 0.0006339   0.03045        21       640    0.7441    0.7751    0.8079    0.3798   0.04307    0.0199  0.005584
   368/499     4.53G   0.01843  0.009916 0.0005393   0.02888        24       640    0.7297    0.7846    0.8176    0.3613   0.04446   0.01983  0.005598
   369/499     4.53G   0.02191   0.01146 0.0006025   0.03398        21       640    0.7134    0.7664    0.8046    0.3796   0.04305    0.0197  0.005569
   370/499     4.53G   0.02261   0.01088 0.0005787   0.03407        20       640    0.7491    0.7942     0.827    0.3797    0.0441    0.0196  0.005587
   371/499     4.53G   0.01764    0.0101 0.0005622    0.0283        23       640     0.742     0.768    0.8072    0.3497   0.04579   0.01962  0.005641
   372/499     4.53G   0.01667  0.009559 0.0005764    0.0268        17       640    0.7534    0.7917    0.8183    0.3665   0.04377   0.01954  0.005341
   373/499     4.53G   0.02112   0.01028 0.0005243   0.03192        16       640    0.7246    0.7703     0.786    0.3186   0.04644   0.01976  0.005336
   374/499     4.53G    0.0232  0.009577 0.0005334   0.03331        16       640    0.7413    0.8085    0.8204    0.3794   0.04283   0.01922  0.005388
   375/499     4.53G    0.0176   0.01165 0.0005763   0.02982        24       640    0.7282     0.795    0.8161    0.3758   0.04287   0.01936  0.005543
   376/499     4.53G   0.01704   0.01116 0.0006269   0.02883        16       640    0.7178    0.7807    0.7898    0.3572   0.04357   0.01954  0.005513
   377/499     4.53G   0.01921  0.009345 0.0006982   0.02925        13       640    0.6864    0.7565    0.8071    0.3771    0.0437   0.01929   0.00527
   378/499     4.53G    0.0194   0.00994 0.0005563   0.02989        19       640     0.688    0.7545    0.8131    0.3732   0.04426   0.01906  0.005374
   379/499     4.53G   0.01682  0.008921 0.0004761   0.02621        16       640    0.6776    0.7656    0.8218    0.3766   0.04365   0.01879  0.005364
   380/499     4.53G   0.01683  0.008847  0.000508   0.02618        15       640    0.6679    0.7656    0.8065    0.3652   0.04391   0.01902  0.005319
   381/499     4.53G   0.01767  0.009353 0.0006936   0.02772        12       640     0.673    0.7799    0.8056    0.3586   0.04485   0.01892  0.005405
   382/499     4.53G   0.02058  0.009752 0.0005484   0.03088        11       640    0.6551    0.7601    0.7741    0.3714   0.04301   0.01882  0.005486
   383/499     4.53G   0.01788  0.009458 0.0005427   0.02788        19       640    0.6692    0.7664    0.7739    0.3596    0.0434   0.01906  0.005836
   384/499     4.53G   0.01634   0.01036 0.0005326   0.02723        16       640    0.7251    0.7799    0.8011    0.3785   0.04266   0.01921  0.006229
   385/499     4.53G   0.01962   0.01074 0.0005049   0.03086        27       640    0.7254    0.7895    0.7985    0.3439   0.04513   0.01954  0.006097
   386/499     4.53G   0.02098   0.01023 0.0005222   0.03173        18       640    0.7143    0.7942    0.8174    0.3738   0.04345   0.01908  0.006007
   387/499     4.53G    0.0182   0.01027 0.0006156   0.02908        19       640    0.7219    0.7942    0.8019    0.3741   0.04388   0.01914  0.005789
   388/499     4.53G   0.01642  0.008757 0.0005607   0.02574        15       640    0.6939    0.7243    0.7709    0.3521   0.04539    0.0197  0.005486
   389/499     4.53G   0.01753   0.01149 0.0005126   0.02953        26       640    0.7342    0.7633    0.8025    0.3709   0.04367   0.01956  0.005372
   390/499     4.53G   0.02054   0.01077 0.0006488   0.03196        21       640    0.7046    0.7529    0.7947    0.3524   0.04472   0.01975  0.005159
   391/499     4.53G   0.01759   0.01081 0.0005428   0.02894        26       640    0.7261    0.7664    0.8061    0.3563   0.04478   0.01987  0.005161
   392/499     4.53G   0.01614   0.01083 0.0005402   0.02751        14       640    0.7731    0.7799    0.8264    0.3716    0.0437   0.01944  0.005156
   393/499     4.53G   0.01689   0.00895 0.0005957   0.02644        15       640    0.7581    0.7826    0.8067     0.365   0.04485    0.0192  0.005244
   394/499     4.53G   0.01913  0.009629 0.0005323    0.0293        22       640    0.7004    0.7799    0.7969     0.371   0.04352   0.01899  0.005372
   395/499     4.53G   0.01564  0.008413   0.00045    0.0245        17       640    0.7161    0.7799    0.7943    0.3622   0.04371   0.01915  0.005646
   396/499     4.53G   0.01715   0.01016 0.0004704   0.02779        18       640    0.7518     0.785    0.8035    0.3667   0.04316   0.01903  0.005991
   397/499     4.53G   0.01946   0.01086 0.0005516   0.03087        23       640    0.7411     0.797    0.8163    0.3321   0.04595   0.01938  0.006124
   398/499     4.53G   0.02055   0.01016 0.0005483   0.03127        10       640    0.7565    0.8004    0.8216    0.3764   0.04322   0.01932  0.006344
   399/499     4.53G   0.01561  0.009875 0.0007984   0.02629        19       640    0.7634    0.8169    0.8172    0.3795   0.04346   0.01938  0.006382
   400/499     4.53G   0.01801  0.008867 0.0004804   0.02736        17       640    0.7108    0.7934    0.7745    0.3819    0.0418   0.01923  0.006094
   401/499     4.53G   0.02056   0.01152 0.0005357   0.03262        26       640    0.7118    0.7895     0.816    0.3346   0.04517   0.01943  0.006147
   402/499     4.53G   0.02089   0.00818 0.0005312    0.0296        14       640    0.7073    0.7921    0.8221    0.3877    0.0421   0.01904  0.006115
   403/499     4.53G   0.01724   0.01051  0.000501   0.02825        25       640    0.7107    0.7799    0.8205     0.392   0.04224   0.01897  0.006125
   404/499     4.53G   0.01523  0.008428  0.000475   0.02413        12       640    0.7204    0.7573    0.8003    0.3768   0.04347   0.01941  0.006582
   405/499     4.53G   0.01894   0.01008 0.0006078   0.02963        13       640    0.7293    0.7792    0.8232    0.3511   0.04521   0.01964   0.00639
   406/499     4.53G   0.02061   0.01033 0.0004606   0.03141        21       640    0.7372    0.7681     0.818    0.3796    0.0437   0.01967   0.00636
   407/499     4.53G   0.01693  0.009989 0.0005365   0.02746        22       640     0.781    0.7786    0.8302    0.3919   0.04287   0.01966  0.006617
   408/499     4.53G   0.01622  0.009858 0.0005565   0.02664        19       640    0.7483    0.7656    0.8138    0.3592   0.04401   0.01998  0.006435
   409/499     4.53G   0.01676   0.01005 0.0004169   0.02723        26       640    0.7386    0.7514    0.7905    0.4006   0.04157   0.01967  0.006436
   410/499     4.53G    0.0202   0.01206 0.0004422    0.0327        24       640    0.7848    0.7799    0.8286    0.3679   0.04442   0.01988   0.00617
   411/499     4.53G   0.01698  0.008833 0.0004844    0.0263        15       640    0.7198    0.7799    0.8069     0.379   0.04385   0.01977  0.006138
   412/499     4.53G   0.01572  0.008513 0.0005407   0.02477        15       640    0.6995    0.7481    0.7905    0.3773   0.04398   0.01986  0.006217
   413/499     4.53G   0.01713   0.01131 0.0005087   0.02894        21       640     0.671     0.749    0.8065     0.382   0.04332   0.01943  0.006236
   414/499     4.53G   0.01768  0.008437 0.0008363   0.02695        16       640    0.7539    0.7739    0.8238    0.3658   0.04412   0.01946  0.006245
   415/499     4.53G   0.01614   0.01074 0.0005448   0.02742        25       640    0.7894    0.7792    0.8113    0.3581   0.04374   0.01967  0.006305
   416/499     4.53G   0.01587  0.008087  0.000389   0.02435         8       640    0.7933    0.7799    0.7991     0.343   0.04435    0.0198  0.006629
   417/499     4.53G   0.01661  0.009743 0.0004517    0.0268        15       640    0.7659    0.7846    0.8076    0.3532   0.04338   0.01981  0.006887
   418/499     4.53G   0.01732   0.01088 0.0003759   0.02858        24       640    0.7618    0.7941    0.8035    0.3279   0.04505   0.02007  0.006895
   419/499     4.53G   0.01615  0.009958 0.0004719   0.02658        28       640    0.7392    0.7799    0.7949     0.327    0.0449   0.01999  0.006674
   420/499     4.53G   0.01602   0.01028 0.0003716   0.02667        29       640    0.7214    0.7514    0.7975    0.3444   0.04459   0.01977  0.006604
   421/499     4.53G   0.01601  0.009272 0.0004077   0.02569        11       640    0.7423    0.7514    0.8148    0.3371   0.04583   0.01972   0.00636
   422/499     4.53G   0.01886  0.009372 0.0004559   0.02868        24       640    0.7716    0.7654    0.8178    0.3559   0.04366    0.0196  0.006168
   423/499     4.53G   0.01602  0.009003  0.000346   0.02537        15       640    0.7586    0.7656    0.8151    0.3551     0.044   0.01964  0.006207
   424/499     4.53G   0.01658  0.008822 0.0004295   0.02583        13       640    0.7598    0.7942    0.8211    0.3553   0.04394   0.01971   0.00601
   425/499     4.53G   0.01516  0.008961 0.0003859   0.02451        17       640    0.7563    0.7942    0.8236    0.3553    0.0439   0.01979  0.006168
   426/499     4.53G   0.01593   0.01018 0.0006772   0.02679        28       640    0.7401    0.7798    0.8141    0.3603   0.04337   0.01982  0.006573
   427/499     4.53G   0.01626   0.01075 0.0003832    0.0274        27       640    0.7599    0.7764     0.797     0.345   0.04353   0.02002  0.006943
   428/499     4.53G   0.01578  0.009309 0.0005027   0.02559        18       640    0.7412    0.7656    0.7914    0.3601   0.04296   0.01991  0.007032
   429/499     4.53G   0.01953  0.009397 0.0004394   0.02937        13       640    0.7313    0.7529    0.7674    0.3637   0.04404   0.01994  0.006497
   430/499     4.53G   0.01857   0.01124  0.000353   0.03016        20       640     0.759    0.7672    0.7834    0.3561   0.04401   0.02027  0.006343
   431/499     4.53G   0.01632  0.008789 0.0004174   0.02552        17       640    0.7569    0.7529    0.7697    0.3426   0.04438   0.02067  0.006078
   432/499     4.53G   0.01552  0.009089  0.000406   0.02501        18       640     0.752    0.7529    0.7665     0.326   0.04541   0.02093  0.005878
   433/499     4.53G    0.0173    0.0105 0.0006745   0.02847        20       640    0.7455    0.7529    0.7481    0.3611   0.04279   0.02059  0.006149
   434/499     4.53G   0.01851  0.009686  0.000428   0.02862        19       640    0.7669    0.7799    0.8111    0.3493   0.04435   0.02029  0.006019
   435/499     4.53G   0.01693  0.009777 0.0004663   0.02718        16       640     0.756    0.7656    0.8033    0.3434   0.04479   0.02028  0.005913
   436/499     4.53G   0.01692  0.009161 0.0003766   0.02646        16       640     0.798    0.7656    0.7916    0.3532   0.04378   0.02073  0.006059
   437/499     4.53G   0.01873  0.009603 0.0003777   0.02871        17       640     0.753    0.7521    0.7623    0.3119   0.04662   0.02106  0.006259
   438/499     4.53G   0.01942  0.009704 0.0005079   0.02963        27       640    0.7904    0.7651    0.7718    0.3428   0.04384   0.02072  0.006554
   439/499     4.53G   0.01565   0.01121 0.0003974   0.02726        32       640     0.806     0.778    0.7877    0.3576   0.04329   0.02052  0.006726
   440/499     4.53G   0.01432  0.008661 0.0003122   0.02329        17       640    0.8059    0.7777    0.7855    0.3429   0.04363   0.02047  0.006327
   441/499     4.53G   0.01552   0.01032 0.0003913   0.02624        25       640    0.7824    0.7649    0.7863    0.3421   0.04421   0.02055  0.006273
   442/499     4.53G     0.016  0.009764 0.0003874   0.02615        26       640    0.7771    0.7514    0.7727    0.3437   0.04414   0.02071  0.006113
   443/499     4.53G    0.0155  0.008122 0.0004408   0.02406        12       640    0.7849    0.7514     0.768    0.3335   0.04473   0.02084   0.00621
   444/499     4.53G   0.01585  0.009021 0.0004271    0.0253        16       640    0.7693    0.7514    0.7847    0.3682   0.04342   0.02028  0.006109
   445/499     4.53G   0.01699  0.009561 0.0003789   0.02693        23       640    0.7275    0.7236    0.7565    0.3344   0.04586   0.02019  0.006055
   446/499     4.53G   0.01952   0.01078 0.0003622   0.03066        26       640    0.7426    0.7378    0.7788    0.3731   0.04326   0.01985  0.006555
   447/499     4.53G   0.01628   0.01028 0.0006617   0.02722        22       640    0.7459    0.7514    0.7955    0.3679   0.04278   0.01984  0.006626
   448/499     4.53G   0.01462  0.009677 0.0003919   0.02469        17       640     0.764    0.7514    0.7923     0.368   0.04254   0.02005  0.006596
   449/499     4.53G   0.01563   0.00995 0.0003798   0.02596        17       640    0.7769    0.7514    0.7949     0.372   0.04231   0.02024  0.006558
   450/499     4.53G   0.01603   0.00953  0.000469   0.02603        14       640    0.7706    0.7656    0.8172    0.3686   0.04264   0.02048  0.006481
   451/499     4.53G   0.01491  0.009587 0.0004023   0.02489        13       640    0.7709    0.7656    0.8069    0.3583   0.04291   0.02074  0.006624
   452/499     4.53G   0.01531   0.01031 0.0005202   0.02614        29       640      0.77    0.7656    0.8012    0.3601   0.04253   0.02072  0.006729
   453/499     4.53G   0.01606  0.008608 0.0004369    0.0251        14       640    0.7798    0.7656    0.8058    0.3522   0.04291   0.02069   0.00693
   454/499     4.53G    0.0157  0.008596  0.000471   0.02476        12       640    0.7707    0.7656    0.8051     0.349    0.0428   0.02054  0.006708
   455/499     4.53G   0.01695   0.00975 0.0005564   0.02726        14       640    0.7719    0.7656     0.805    0.3495   0.04265    0.0205  0.006756
   456/499     4.53G   0.01527  0.007918  0.000465   0.02365        13       640      0.77    0.7603    0.7997    0.3487    0.0428   0.02044  0.006816
   457/499     4.53G   0.01602  0.009067 0.0003873   0.02548        11       640    0.7408    0.7429    0.7807    0.3471   0.04294   0.02049  0.006477
   458/499     4.53G   0.01701  0.008728 0.0004035   0.02614        12       640    0.7296    0.7664    0.7934    0.3512   0.04354   0.02048  0.006386
   459/499     4.53G    0.0155  0.009629 0.0003585   0.02549        20       640    0.7519    0.7651    0.7934    0.3543   0.04348   0.02045  0.006217
   460/499     4.53G   0.01513  0.009389 0.0004292   0.02495        11       640    0.7676    0.7708    0.8018    0.3493   0.04392   0.02037  0.006197
   461/499     4.53G   0.01526  0.008727 0.0003593   0.02434        16       640    0.7707    0.7664    0.7967    0.3535   0.04311   0.02037   0.00632
   462/499     4.53G   0.01721  0.009868 0.0006307   0.02771        21       640     0.782    0.7672    0.7914    0.3465   0.04352   0.02057  0.006114
   463/499     4.53G   0.01554  0.009289 0.0005031   0.02534        20       640    0.7763    0.7662    0.7859     0.335   0.04403   0.02087  0.006065
   464/499     4.53G   0.01571  0.009899 0.0003621   0.02597        20       640    0.7888    0.7822    0.7882    0.3329   0.04293   0.02083  0.006315
   465/499     4.53G   0.01501   0.00892 0.0003512   0.02428        18       640    0.7514    0.7545    0.7638    0.3351    0.0442   0.02093  0.006157
   466/499     4.53G   0.01901  0.008676 0.0003399   0.02802        17       640    0.7663    0.7898    0.8019    0.3447   0.04307   0.02061  0.006058
   467/499     4.53G   0.01639   0.01052 0.0003741   0.02728        20       640    0.7844    0.7753    0.8094    0.3462   0.04342    0.0205  0.006163
   468/499     4.53G   0.01387  0.008802 0.0003105   0.02298        19       640    0.7677    0.7741    0.8141    0.3596   0.04264   0.02044  0.006446
   469/499     4.53G   0.01607  0.008843 0.0003047   0.02521        24       640    0.7677    0.7761    0.8141    0.3458   0.04468   0.02072  0.006311
   470/499     4.53G   0.01798  0.009785 0.0004312    0.0282        19       640    0.7822    0.7784    0.8126     0.357     0.043   0.02074  0.006357
   471/499     4.53G   0.01506  0.009177 0.0003538   0.02459        15       640    0.7815    0.7656    0.8051    0.3491   0.04287   0.02091  0.006475
   472/499     4.53G   0.01521  0.008778 0.0004142    0.0244        16       640    0.7844    0.7656    0.7851    0.3447   0.04341   0.02098  0.006331
   473/499     4.53G   0.01552   0.00863 0.0003912   0.02454        16       640    0.7839    0.7656    0.7707    0.3181   0.04466   0.02137  0.005862
   474/499     4.53G    0.0167  0.009528 0.0003965   0.02662        19       640    0.7929    0.7521     0.752    0.3444   0.04334   0.02139  0.005833
   475/499     4.53G   0.01599  0.008129 0.0003241   0.02444        17       640    0.7987    0.7521    0.7441    0.3273   0.04388   0.02156  0.005658
   476/499     4.53G    0.0149  0.009985 0.0003943   0.02528        26       640    0.7966    0.7521    0.7531    0.3447   0.04357   0.02135  0.005402
   477/499     4.53G   0.01556   0.00863 0.0003129   0.02451        21       640    0.7813    0.7656    0.7958    0.3358   0.04368   0.02117  0.005759
   478/499     4.53G   0.01569  0.008933 0.0003284   0.02495        21       640    0.7942    0.7656    0.7991    0.3508    0.0429   0.02112   0.00622
   479/499     4.53G   0.01538  0.009605 0.0004952   0.02548        19       640    0.7601    0.7243    0.7695    0.3603   0.04306   0.02106  0.006225
   480/499     4.53G   0.01526  0.008618 0.0004166   0.02429        13       640    0.7548    0.7243    0.7654    0.3469   0.04334   0.02088  0.006091
   481/499     4.53G     0.016  0.008608 0.0003029   0.02491        20       640    0.8002    0.7656    0.7992    0.3539   0.04381   0.02077  0.005802
   482/499     4.53G   0.01705   0.01041   0.00068   0.02814        23       640     0.769    0.7514    0.7805      0.33   0.04423   0.02078  0.005403
   483/499     4.53G    0.0152  0.009896 0.0003708   0.02547        20       640    0.7534    0.7514    0.7672    0.3327   0.04429   0.02088  0.005222
   484/499     4.53G   0.01646  0.009282 0.0003956   0.02614        16       640    0.7332    0.7337    0.7516    0.3334   0.04476   0.02091  0.005066
   485/499     4.53G   0.01544  0.009371 0.0003487   0.02516        28       640    0.7715    0.7514    0.7619    0.3547   0.04309   0.02087  0.005533
   486/499     4.53G   0.01835   0.01034 0.0005001    0.0292        26       640     0.796    0.7656    0.7948     0.338   0.04383   0.02097  0.005751
   487/499     4.53G   0.01419  0.009013 0.0004703   0.02368        15       640    0.7844    0.7514    0.7748    0.3481   0.04319   0.02095  0.006016
   488/499     4.53G   0.01529  0.008563 0.0003126   0.02416        18       640    0.7949    0.7514    0.7578     0.344   0.04333   0.02098   0.00644
   489/499     4.53G   0.01515  0.008207 0.0003013   0.02366        16       640     0.805    0.7656    0.7948    0.3659   0.04259   0.02079    0.0067
   490/499     4.53G   0.01751  0.009183 0.0003632   0.02706        13       640    0.8187    0.7656    0.7898    0.3615   0.04307   0.02074  0.006793
   491/499     4.53G   0.01409  0.008757 0.0003246   0.02317        17       640    0.8151    0.7656    0.7828    0.3543   0.04303   0.02064  0.006712
   492/499     4.53G   0.01504   0.00998 0.0003141   0.02533        18       640    0.7743    0.7514    0.7664    0.3592   0.04301    0.0205   0.00626
   493/499     4.53G   0.01466  0.009949 0.0003492   0.02496        25       640    0.7576    0.7514    0.7631    0.3489   0.04316   0.02042  0.005759
   494/499     4.53G   0.01628   0.01015 0.0002683   0.02669        32       640    0.7413    0.7514    0.7729    0.3407   0.04415   0.02044  0.005545
   495/499     4.53G   0.01574  0.009669   0.00041   0.02582        28       640    0.7155    0.7378    0.7605    0.3615   0.04377   0.02038  0.005362
   496/499     4.53G   0.01471  0.008783 0.0003901   0.02388        22       640    0.6732    0.7108    0.7306    0.3291   0.04404   0.02119  0.005194
   497/499     4.53G   0.01483  0.009273 0.0005711   0.02467        21       640    0.6685    0.7108    0.7373    0.3387   0.04373   0.02115  0.005814
   498/499     4.53G    0.0151  0.008725 0.0003712    0.0242        22       640    0.6782    0.7111    0.7377    0.3465     0.044   0.02138  0.006364
   499/499     4.53G   0.01425  0.009681 0.0003335   0.02426        31       640    0.7109    0.7108    0.7241    0.3297   0.04421   0.02184   0.00678
